QEPB0421_1:101		
328.748	1.67	
329.541	0.97	
330.334	0.57	
331.127	1.67	
331.919	0.97	
332.712	0.67	
333.504	1.88	
334.297	2.17	
335.089	1.07	
335.881	0.67	
336.673	0.97	
337.465	1.07	
338.257	1.17	
339.049	1.17	
339.841	1.47	
340.633	0.88	
341.424	2.38	
342.216	1.28	
343.007	1.07	
343.799	1.47	
344.59	0.57	
345.381	1.97	
346.173	2.28	
346.964	2.17	
347.755	2.17	
348.546	1.17	
349.336	2.97	
350.127	1.07	
350.918	0.38	
351.709	0.88	
352.499	0.97	
353.29	0.47	
354.08	1.28	
354.87	1.47	
355.661	1.97	
356.451	0.97	
357.241	1.47	
358.031	0.47	
358.821	3.28	
359.611	1.47	
360.401	0.97	
361.19	1.88	
361.98	1.47	
362.769	2.57	
363.559	0.97	
364.348	2.07	
365.138	1.67	
365.927	1.78	
366.716	0.88	
367.505	1.97	
368.294	1.67	
369.083	1.97	
369.872	2.47	
370.661	3.07	
371.449	1.57	
372.238	1.17	
373.026	2.28	
373.815	0.67	
374.603	1.97	
375.392	2.67	
376.18	1.97	
376.968	1.38	
377.756	2.38	
378.544	1.47	
379.332	1.97	
380.12	0.47	
380.908	2.38	
381.695	2.57	
382.483	1.67	
383.27	3.28	
384.058	2.17	
384.845	3.28	
385.633	2.97	
386.42	2.17	
387.207	2.17	
387.994	3.07	
388.781	2.78	
389.568	1.57	
390.355	2.57	
391.142	1.57	
391.928	1.28	
392.715	1.47	
393.501	2.78	
394.288	1.88	
395.074	3.07	
395.86	2.38	
396.647	3.78	
397.433	3.88	
398.219	3.28	
399.005	3.47	
399.791	3.57	
400.577	2.07	
401.362	2.38	
402.148	2.38	
402.934	2.28	
403.719	2.47	
404.505	1.67	
405.29	2.07	
406.075	2.78	
406.86	2.47	
407.646	1.78	
408.431	3.47	
409.216	2.28	
410.001	3.28	
410.785	2.57	
411.57	2.67	
412.355	3.28	
413.139	2.38	
413.924	2.28	
414.708	2.57	
415.493	1.88	
416.277	2.47	
417.061	2.17	
417.845	1.88	
418.629	2.78	
419.413	2.78	
420.197	2.47	
420.981	3.57	
421.765	2.67	
422.549	2.57	
423.332	3.38	
424.116	3.47	
424.899	4.38	
425.682	1.97	
426.466	1.88	
427.249	1.57	
428.032	2.97	
428.815	2.38	
429.598	2.78	
430.381	3.78	
431.164	3.38	
431.947	3.47	
432.729	2.38	
433.512	4.17	
434.294	3.88	
435.077	4.28	
435.859	4.38	
436.642	3.78	
437.424	4.78	
438.206	3.07	
438.988	2.47	
439.77	3.88	
440.552	2.67	
441.334	3.17	
442.115	1.88	
442.897	2.67	
443.679	2.78	
444.46	4.07	
445.242	3.47	
446.023	4.38	
446.804	3.67	
447.586	3.78	
448.367	3.28	
449.148	3.47	
449.929	3.67	
450.71	1.97	
451.491	2.88	
452.271	2.78	
453.052	3.17	
453.833	2.78	
454.613	3.38	
455.394	2.78	
456.174	3.97	
456.954	3.47	
457.734	3.97	
458.515	3.97	
459.295	3.67	
460.075	4.28	
460.855	3.47	
461.634	3.47	
462.414	3.17	
463.194	3.57	
463.973	2.97	
464.753	3.17	
465.532	4.28	
466.312	3.17	
467.091	2.78	
467.87	2.97	
468.65	4.57	
469.429	4.28	
470.208	3.57	
470.987	4.38	
471.765	3.78	
472.544	4.67	
473.323	3.47	
474.101	3.28	
474.88	4.78	
475.658	3.88	
476.437	3.97	
477.215	3.28	
477.993	3.17	
478.772	3.38	
479.55	3.17	
480.328	3.67	
481.106	4.67	
481.883	4.57	
482.661	3.88	
483.439	4.57	
484.217	4.07	
484.994	5.17	
485.772	5.07	
486.549	6.17	
487.326	5.38	
488.104	5.38	
488.881	6.47	
489.658	4.28	
490.435	4.67	
491.212	4.97	
491.989	4.57	
492.766	4.97	
493.542	4.28	
494.319	5.88	
495.095	4.88	
495.872	5.17	
496.648	4.28	
497.425	5.07	
498.201	5.17	
498.977	4.88	
499.753	6.38	
500.529	5.78	
501.305	3.88	
502.081	4.67	
502.857	3.78	
503.633	4.88	
504.408	4.47	
505.184	3.97	
505.959	4.07	
506.735	5.97	
507.51	3.88	
508.285	3.17	
509.061	3.97	
509.836	4.67	
510.611	5.38	
511.386	3.28	
512.161	5.07	
512.935	4.28	
513.71	4.97	
514.485	3.78	
515.259	3.28	
516.034	4.78	
516.808	4.38	
517.583	4.38	
518.357	5.28	
519.131	4.67	
519.905	6.17	
520.68	4.47	
521.454	5.47	
522.227	6.67	
523.001	6.38	
523.775	6.07	
524.549	5.97	
525.322	5.28	
526.096	6.17	
526.869	12.97	
527.643	31.17	
528.416	62.07	
529.189	108.07	
529.962	125.78	
530.735	129.78	
531.508	128.28	
532.281	125.57	
533.054	121.38	
533.827	112.88	
534.6	85.88	
535.372	40.38	
536.145	11.67	
536.917	7.97	
537.69	8.38	
538.462	8.28	
539.234	9.97	
540.007	11.88	
540.779	13.88	
541.551	14.67	
542.323	17.28	
543.095	18.67	
543.866	19.17	
544.638	19.67	
545.41	19.67	
546.181	19.97	
546.953	20.38	
547.724	22.07	
548.496	22.38	
549.267	22.97	
550.038	24.78	
550.809	26.97	
551.58	28.67	
552.351	30.17	
553.122	32.38	
553.893	35.28	
554.664	35.97	
555.434	40.07	
556.205	42.07	
556.975	44.47	
557.746	46.88	
558.516	51.17	
559.287	53.88	
560.057	56.28	
560.827	61.78	
561.597	67.88	
562.367	68.07	
563.137	72.07	
563.907	76.67	
564.676	80.17	
565.446	87.67	
566.216	93.07	
566.985	99.47	
567.755	109.97	
568.524	125.97	
569.294	144.88	
570.063	168.07	
570.832	186.47	
571.601	206.88	
572.37	228.57	
573.139	248.07	
573.908	262.97	
574.677	271.57	
575.445	277.78	
576.214	271.67	
576.983	265.97	
577.751	264.97	
578.52	259.78	
579.288	254.28	
580.056	251.28	
580.824	249.57	
581.592	251.28	
582.361	256.67	
583.128	263.17	
583.896	268.78	
584.664	277.57	
585.432	285.78	
586.2	292.28	
586.967	297.57	
587.735	300.07	
588.502	304.47	
589.27	308.78	
590.037	313.88	
590.804	314.47	
591.571	315.67	
592.338	318.97	
593.105	327.67	
593.872	327.57	
594.639	331.57	
595.406	338.47	
596.173	343.28	
596.939	352.67	
597.706	356.88	
598.472	363.78	
599.239	368.38	
600.005	373.57	
600.771	380.97	
601.537	386.38	
602.303	392.38	
603.07	394.67	
603.835	399.28	
604.601	406.78	
605.367	412.07	
606.133	420.57	
606.899	429.28	
607.664	463.38	
608.43	457.28	
609.195	463.67	
609.96	469.78	
610.726	482.28	
611.491	492.57	
612.256	504.07	
613.021	513.28	
613.786	523.78	
614.551	532.57	
615.316	540.88	
616.081	554.97	
616.845	567.57	
617.61	578.38	
618.374	590.67	
619.139	601.17	
619.903	611.17	
620.668	619.78	
621.432	632.67	
622.196	638.67	
622.96	647.17	
623.724	659.88	
624.488	668.17	
625.252	681.38	
626.016	690.38	
626.78	705.38	
627.543	722.97	
628.307	736.28	
629.07	755.78	
629.834	775.17	
630.597	803.38	
631.36	830.28	
632.124	866.28	
632.887	905.88	
633.65	961.67	
634.413	1025.97	
635.176	1091.88	
635.938	1158.38	
636.701	1209.17	
637.464	1246.57	
638.227	1277.47	
638.989	1297.88	
639.752	1305.17	
640.514	1306.17	
641.276	1288.78	
642.038	1279.38	
642.801	1266.88	
643.563	1278.57	
644.325	1289.28	
645.087	1306.28	
645.849	1327.88	
646.61	1350.78	
647.372	1378.38	
648.134	1406.07	
648.895	1435.57	
649.657	1466.97	
650.418	1501.38	
651.18	1541.17	
651.941	1587.78	
652.702	1638.07	
653.463	1691.78	
654.224	1738.47	
654.985	1791.47	
655.746	1833.97	
656.507	1888.78	
657.268	1934.17	
658.029	1962.28	
658.789	2009.97	
659.55	2024.28	
660.31	2044.08	
661.071	2058.28	
661.831	2060.97	
662.591	2067.47	
663.351	2069.67	
664.111	2062.97	
664.871	2056.28	
665.631	2058.87	
666.391	2061.28	
667.151	2064.08	
667.911	2075.58	
668.67	2086.47	
669.43	2103.17	
670.19	2111.67	
670.949	2135.97	
671.708	2158.37	
672.468	2165.78	
673.227	2189.87	
673.986	2210.58	
674.745	2235.28	
675.504	2251.97	
676.263	2272.58	
677.022	2293.28	
677.781	2307.67	
678.539	2325.97	
679.298	2342.67	
680.057	2352.58	
680.815	2356.87	
681.573	2373.37	
682.332	2377.17	
683.09	2387.58	
683.848	2390.17	
684.606	2393.78	
685.364	2387.67	
686.122	2384.17	
686.88	2375.67	
687.638	2375.78	
688.396	2370.78	
689.153	2360.17	
689.911	2356.47	
690.669	2343.47	
691.426	2328.97	
692.183	2323.67	
692.941	2310.28	
693.698	2301.47	
694.455	2286.17	
695.212	2291.17	
695.969	2287.08	
696.726	2278.78	
697.483	2268.58	
698.24	2264.47	
698.997	2253.28	
699.753	2256.47	
700.51	2240.47	
701.266	2242.37	
702.023	2235.78	
702.779	2231.08	
703.535	2218.47	
704.292	2204.58	
705.048	2211.87	
705.804	2195.08	
706.56	2188.78	
707.316	2183.47	
708.071	2166.47	
708.827	2147.17	
709.583	2136.17	
710.339	2112.87	
711.094	2096.17	
711.85	2084.47	
712.605	2063.37	
713.36	2048.37	
714.116	2025.47	
714.871	2013.67	
715.626	1983.97	
716.381	1968.37	
717.136	1955.58	
717.891	1925.08	
718.646	1899.28	
719.4	1876.67	
720.155	1854.28	
720.91	1839.17	
721.664	1808.17	
722.419	1787.97	
723.173	1769.47	
723.927	1740.97	
724.682	1723.47	
725.436	1709.97	
726.19	1687.38	
726.944	1660.57	
727.698	1642.17	
728.452	1629.47	
729.205	1614.88	
729.959	1605.17	
730.713	1581.47	
731.466	1570.17	
732.22	1555.38	
732.973	1542.38	
733.727	1532.88	
734.48	1519.97	
735.233	1498.88	
735.986	1486.38	
736.739	1468.97	
737.492	1449.67	
738.245	1437.78	
738.998	1414.47	
739.751	1394.97	
740.504	1384.57	
741.256	1367.38	
742.009	1354.07	
742.761	1341.78	
743.514	1332.67	
744.266	1311.47	
745.018	1304.07	
745.771	1293.17	
746.523	1282.67	
747.275	1270.67	
748.027	1259.28	
748.779	1244.88	
749.531	1237.07	
750.282	1210.67	
751.034	1197.78	
751.786	1187.17	
752.537	1167.78	
753.289	1153.07	
754.04	1133.17	
754.791	1120.47	
755.543	1104.78	
756.294	1094.57	
757.045	1077.38	
757.796	1061.38	
758.547	1044.17	
759.298	1027.57	
760.049	1011.88	
760.799	995.07	
761.55	981.07	
762.301	966.67	
763.051	950.07	
763.802	931.97	
764.552	909.17	
765.302	894.78	
766.053	877.38	
766.803	861.38	
767.553	848.07	
768.303	829.67	
769.053	820.88	
769.803	805.88	
770.553	791.57	
771.302	779.78	
772.052	771.28	
772.802	754.47	
773.551	739.67	
774.301	728.17	
775.05	714.17	
775.799	698.78	
776.549	686.57	
777.298	672.17	
778.047	656.78	
778.796	646.97	
779.545	634.28	
780.294	623.97	
781.042	609.47	
781.791	596.47	
782.54	584.07	
783.288	570.47	
784.037	563.07	
784.785	552.57	
785.534	538.57	
786.282	529.97	
787.03	520.07	
787.778	511.17	
788.526	500.17	
789.274	489.07	
790.022	478.88	
790.77	472.67	
791.518	463.78	
792.266	451.38	
793.013	443.57	
793.761	434.28	
794.508	422.88	
795.256	416.47	
796.003	408.28	
796.751	400.88	
797.498	390.07	
798.245	385.78	
798.992	378.47	
799.739	368.78	
800.486	361.17	
801.233	353.78	
801.98	344.78	
802.726	338.47	
803.473	332.67	
804.219	328.17	
804.966	319.67	
805.712	314.67	
806.459	309.38	
807.205	303.28	
807.951	299.78	
808.697	288.88	
809.443	287.47	
810.189	280.97	
810.935	276.88	
811.681	269.97	
812.427	263.97	
813.173	256.17	
813.918	252.47	
814.664	248.38	
815.409	242.57	
816.155	239.17	
816.9	234.38	
817.645	229.38	
818.391	226.17	
819.136	220.67	
819.881	215.88	
820.626	213.28	
821.371	207.67	
822.116	203.17	
822.86	198.88	
823.605	192.78	
824.35	191.88	
825.094	185.97	
825.839	181.57	
826.583	178.57	
827.328	175.28	
828.072	171.17	
828.816	166.28	
829.56	164.67	
830.304	160.47	
831.048	158.17	
831.792	153.78	
832.536	151.57	
833.28	148.47	
834.023	146.07	
834.767	140.67	
835.511	138.88	
836.254	136.17	
836.998	133.67	
837.741	132.67	
838.484	130.88	
839.227	127.47	
839.971	126.38	
840.714	122.88	
841.457	119.97	
842.2	117.28	
842.942	116.47	
843.685	114.28	
844.428	110.28	
845.17	109.67	
845.913	104.78	
846.656	103.38	
847.398	102.78	
848.14	99.07	
848.883	98.47	
849.625	95.78	
850.367	93.07	
851.109	92.57	
851.851	91.07	
852.593	90.57	
853.335	87.67	
854.077	84.47	
854.818	83.07	
855.56	81.88	
856.301	79.47	
857.043	77.28	
857.784	77.28	
858.526	74.88	
859.267	73.67	
860.008	73.28	
860.749	70.47	
861.49	70.17	
862.231	67.67	
862.972	66.78	
863.713	67.67	
864.454	62.97	
865.195	63.28	
865.935	62.57	
866.676	60.38	
867.416	61.17	
868.157	57.88	
868.897	58.38	
869.638	56.47	
870.378	56.07	
871.118	54.67	
871.858	53.47	
872.598	51.38	
873.338	51.47	
874.078	49.67	
874.818	48.97	
875.557	49.28	
876.297	48.67	
877.037	48.28	
877.776	47.57	
878.516	45.38	
879.255	44.47	
879.994	45.17	
880.733	43.67	
881.473	43.07	
882.212	42.38	
882.951	40.47	
883.69	41.47	
884.428	40.28	
885.167	38.57	
885.906	37.88	
886.645	37.47	
887.383	38.38	
888.122	37.67	
888.86	35.67	
889.599	36.28	
890.337	34.78	
891.075	34.78	
891.813	34.47	
892.551	33.57	
893.289	32.07	
894.027	32.38	
894.765	32.38	
895.503	31.38	
896.241	30.47	
896.979	30.17	
897.716	28.88	
898.454	28.67	
899.191	27.57	
899.929	27.07	
900.666	26.38	
901.403	25.57	
902.14	25.78	
902.877	25.67	
903.614	24.67	
904.351	24.47	
905.088	24.78	
905.825	23.97	
906.562	23.57	
907.299	22.47	
908.035	23.57	
908.772	21.67	
909.508	21.67	
910.245	24.17	
910.981	21.38	
911.717	20.38	
912.453	21.07	
913.19	21.67	
913.926	21.38	
914.662	20.47	
915.398	19.28	
916.133	18.38	
916.869	19.17	
917.605	19.17	
918.34	18.88	
919.076	17.47	
919.812	16.97	
920.547	17.17	
921.282	17.28	
922.018	15.47	
922.753	16.57	
923.488	17.47	
924.223	15.88	
924.958	15.67	
925.693	15.38	
926.428	13.78	
927.163	14.28	
927.897	14.07	
928.632	13.57	
929.367	12.97	
930.101	12.97	
930.836	12.28	
931.57	12.07	
932.304	13.28	
933.038	11.78	
933.773	11.07	
934.507	10.67	
935.241	10.97	
935.975	10.57	
936.709	10.47	
937.442	9.57	
938.176	8.88	
938.91	8.67	
939.643	7.88	
940.377	7.67	
941.11	7.47	
941.844	7.38	
942.577	7.57	
943.31	5.88	
944.043	7.88	
944.777	7.38	
945.51	6.78	
946.243	6.07	
946.976	7.07	
947.708	7.28	
948.441	7.47	
949.174	6.28	
949.906	6.57	
950.639	5.38	
951.371	5.88	
952.104	6.28	
952.836	6.17	
953.568	6.38	
954.301	6.07	
955.033	5.88	
955.765	6.67	
956.497	6.97	
957.229	7.57	
957.961	6.78	
958.692	7.78	
959.424	7.88	
960.156	7.17	
960.887	6.78	
961.619	6.47	
962.35	6.38	
963.082	7.17	
963.813	6.38	
964.544	6.47	
965.275	6.67	
966.007	7.57	
966.738	6.38	
967.468	7.47	
968.199	6.97	
968.93	7.07	
969.661	7.17	
970.392	6.38	
971.122	6.47	
971.853	7.38	
972.583	5.88	
973.314	6.88	
974.044	5.17	
974.774	6.67	
975.504	5.78	
976.234	6.07	
976.965	6.88	
977.695	5.97	
978.424	6.57	
979.154	6.67	
979.884	4.97	
980.614	6.47	
981.343	5.88	
982.073	62.67	
982.802	27.67	
983.532	21.38	
984.261	8.28	
984.99	16.47	
985.72	12.07	
986.449	6.07	
987.178	5.28	
987.907	6.17	
988.636	5.57	
989.365	7.07	
990.094	7.07	
990.822	5.28	
991.551	5.07	
992.28	5.07	
993.008	5.28	
993.737	4.97	
994.465	5.38	
995.193	5.47	
995.921	5.88	
996.65	5.88	
997.378	4.78	
998.106	4.78	
998.834	4.78	
999.562	5.28	
1000.289	5.88	
1001.017	4.38	
1001.745	4.97	
1002.473	5.38	
1003.2	4.88	
1003.928	4.38	
1004.655	4.88	
1005.382	5.97	
1006.11	5.97	
1006.837	4.57	
1007.564	6.47	
1008.291	5.28	
1009.018	4.78	
1009.745	4.97	
1010.472	5.67	
1011.199	6.07	
1011.925	6.78	
1012.652	7.28	
1013.379	6.88	
1014.105	7.67	
1014.832	7.07	
1015.558	6.97	
1016.284	5.97	
1017.011	6.97	
1017.737	7.07	
1018.463	6.07	
1019.189	5.17	
1019.915	4.97	
1020.641	5.28	
1021.367	5.17	
1022.092	5.07	
1022.818	4.97	
1023.544	4.28	
1024.269	5.38	
1024.995	4.38	
1025.72	3.28	
1026.446	5.38	
1027.171	4.38	
1027.896	4.57	
1028.621	4.78	
1029.346	4.88	
1030.071	5.47	
1030.796	5.17	
1031.521	3.28	
1032.246	4.67	
1032.971	4.57	
1033.695	5.28	
1034.42	3.57	
1035.144	4.57	
1035.869	4.07	
1036.593	4.28	
1037.318	4.97	
1038.042	3.78	
1038.766	4.78	
1039.49	5.88	
1040.214	6.17	
1040.938	4.28	
1041.662	4.57	
1042.386	4.88	
1043.11	4.78	
1043.833	4.47	
1044.557	4.07	
1045.281	3.07	
1046.004	4.47	
1046.728	5.78	
1047.451	4.97	
1048.174	6.07	
1048.897	3.97	
1049.621	5.67	
1050.344	3.57	
1051.067	4.88	
1051.79	4.17	
1052.513	5.28	
1053.235	4.17	
1053.958	4.78	
1054.681	5.07	
1055.403	3.88	
1056.126	3.67	
1056.848	5.97	
1057.571	4.97	
1058.293	4.78	
1059.016	4.38	
1059.738	4.07	
1060.46	5.57	
1061.182	4.78	
1061.904	5.07	
1062.626	4.07	
1063.348	6.67	
1064.069	4.67	
1064.791	5.67	
1065.513	5.28	
1066.234	3.67	
1066.956	5.17	
1067.677	4.38	
1068.399	3.78	
1069.12	4.67	
1069.841	6.07	
1070.563	4.67	
1071.284	4.17	
1072.005	4.78	
1072.726	4.38	
1073.447	4.78	
1074.167	5.38	
1074.888	5.17	
1075.609	5.38	
1076.33	5.47	
1077.05	5.47	
1077.771	4.38	
1078.491	4.67	
1079.211	4.78	
1079.932	4.17	
1080.652	4.47	
1081.372	6.17	
1082.092	4.07	
1082.812	3.97	
1083.532	5.47	
1084.252	4.17	
1084.972	4.57	
1085.692	5.17	
1086.411	4.17	
1087.131	4.97	
1087.851	4.38	
1088.57	4.17	
1089.289	5.17	
1090.009	5.07	
1090.728	6.47	
1091.447	4.28	
1092.166	3.88	
1092.885	4.78	
1093.604	4.57	
1094.323	4.28	
1095.042	5.17	
1095.761	5.28	
1096.48	4.17	
1097.199	3.97	
1097.917	5.17	
1098.636	5.28	
1099.354	6.67	
1100.073	5.57	
1100.791	5.78	
1101.509	-3.22	
1102.227	-2.22	
1102.945	-2.22	
1103.663	-0.62	
1104.381	1.38	
1105.099	0.78	
1105.817	1.47	
1106.535	1.38	
1107.253	0.57	
1107.97	1.57	
1108.688	5.38	
1109.406	4.67	
1110.123	4.78	
1110.84	5.38	
1111.558	6.88	
1112.275	5.67	
1112.992	2.07	
1113.709	1.57	
1114.426	2.88	
1115.143	1.78	
