#Sample	Not specified
RF-Frequency	Timestamp	Photon Counter1 CH A	Photon Counter1 CH B	Photon Counter1 Ratio
Hz	s since 1904-01-01 12amUTC	counts	counts	a.u.
2750000000.00	3840949549.38	1773092.00000	1771793.00000	1.00073315562
2751000000.00	3840949550.67	1778880.00000	1780042.00000	0.999347206414
2752000000.00	3840949551.95	1763172.00000	1765019.00000	0.998953552341
2753000000.00	3840949553.23	1771168.00000	1772253.00000	0.999387784927
2754000000.00	3840949554.52	1777961.00000	1776635.00000	1.00074635477
2755000000.00	3840949555.80	1766903.00000	1770403.00000	0.998023048989
2756000000.00	3840949557.08	1771403.00000	1770920.00000	1.00027273959
2757000000.00	3840949558.36	1780599.00000	1779036.00000	1.00087856570
2758000000.00	3840949559.64	1770600.00000	1769733.00000	1.00048990441
2759000000.00	3840949560.93	1764494.00000	1763598.00000	1.00050805229
2760000000.00	3840949562.22	1757057.00000	1759942.00000	0.998360741434
2761000000.00	3840949563.50	1768142.00000	1773079.00000	0.997215578099
2762000000.00	3840949564.80	1763157.00000	1765900.00000	0.998446684410
2763000000.00	3840949566.07	1763304.00000	1764170.00000	0.999509117602
2764000000.00	3840949567.35	1761672.00000	1766316.00000	0.997370798883
2765000000.00	3840949568.63	1757899.00000	1758528.00000	0.999642314481
2766000000.00	3840949569.91	1759658.00000	1761782.00000	0.998794402486
2767000000.00	3840949571.20	1757836.00000	1760449.00000	0.998515719569
2768000000.00	3840949572.48	1770342.00000	1772249.00000	0.998923966102
2769000000.00	3840949573.76	1755856.00000	1758705.00000	0.998380058054
2770000000.00	3840949575.04	1764846.00000	1764150.00000	1.00039452428
2771000000.00	3840949576.33	1756750.00000	1758988.00000	0.998727677505
2772000000.00	3840949577.62	1770142.00000	1772379.00000	0.998737854601
2773000000.00	3840949578.89	1759237.00000	1759468.00000	0.999868710315
2774000000.00	3840949580.17	1767891.00000	1767785.00000	1.00005996204
2775000000.00	3840949581.45	1761332.00000	1764042.00000	0.998463755398
2776000000.00	3840949582.73	1774043.00000	1774002.00000	1.00002311159
2777000000.00	3840949584.02	1761542.00000	1762235.00000	0.999606749384
2778000000.00	3840949585.30	1760774.00000	1763421.00000	0.998498940412
2779000000.00	3840949586.58	1756080.00000	1755342.00000	1.00042043089
2780000000.00	3840949587.87	1747643.00000	1752320.00000	0.997330966947
2781000000.00	3840949589.14	1757816.00000	1760103.00000	0.998700644224
2782000000.00	3840949590.42	1759739.00000	1760708.00000	0.999449653208
2783000000.00	3840949591.70	1755029.00000	1757994.00000	0.998313418590
2784000000.00	3840949592.99	1762941.00000	1765647.00000	0.998467417326
2785000000.00	3840949594.28	1766497.00000	1765720.00000	1.00044004712
2786000000.00	3840949595.56	1773340.00000	1777037.00000	0.997919570611
2787000000.00	3840949596.85	1768415.00000	1773032.00000	0.997395986085
2788000000.00	3840949598.13	1760245.00000	1762212.00000	0.998883789238
2789000000.00	3840949599.41	1760368.00000	1763891.00000	0.998002711052
2790000000.00	3840949600.69	1770706.00000	1774196.00000	0.998032911809
2791000000.00	3840949601.97	1771222.00000	1773561.00000	0.998681184352
2792000000.00	3840949603.25	1758986.00000	1758593.00000	1.00022347411
2793000000.00	3840949604.54	1761989.00000	1762549.00000	0.999682278337
2794000000.00	3840949605.82	1767497.00000	1770071.00000	0.998545821043
2795000000.00	3840949607.09	1770857.00000	1772547.00000	0.999046569710
2796000000.00	3840949608.37	1778602.00000	1777955.00000	1.00036390122
2797000000.00	3840949609.65	1760043.00000	1762477.00000	0.998618989070
2798000000.00	3840949610.93	1769951.00000	1772779.00000	0.998404764497
2799000000.00	3840949612.22	1766631.00000	1768663.00000	0.998851109567
2800000000.00	3840949613.50	1760602.00000	1765008.00000	0.997503694034
2801000000.00	3840949614.78	1762575.00000	1767867.00000	0.997006562145
2802000000.00	3840949616.06	1761847.00000	1762654.00000	0.999542167663
2803000000.00	3840949617.35	1757545.00000	1760176.00000	0.998505263110
2804000000.00	3840949618.63	1766294.00000	1769236.00000	0.998337135351
2805000000.00	3840949619.92	1765730.00000	1764943.00000	1.00044590675
2806000000.00	3840949621.20	1763562.00000	1765059.00000	0.999151869711
2807000000.00	3840949622.48	1754888.00000	1755739.00000	0.999515303812
2808000000.00	3840949623.77	1753935.00000	1755926.00000	0.998866125338
2809000000.00	3840949625.05	1757099.00000	1760248.00000	0.998211047534
2810000000.00	3840949626.32	1760407.00000	1765031.00000	0.997380215985
2811000000.00	3840949627.60	1757843.00000	1763754.00000	0.996648625602
2812000000.00	3840949628.88	1756315.00000	1759560.00000	0.998155788947
2813000000.00	3840949630.16	1755877.00000	1762990.00000	0.995965377002
2814000000.00	3840949631.45	1762538.00000	1764886.00000	0.998669602456
2815000000.00	3840949632.72	1755807.00000	1761404.00000	0.996822421205
2816000000.00	3840949634.00	1764184.00000	1768613.00000	0.997495777765
2817000000.00	3840949635.28	1756039.00000	1761245.00000	0.997044136392
2818000000.00	3840949636.57	1763038.00000	1768201.00000	0.997080083090
2819000000.00	3840949637.83	1760616.00000	1765078.00000	0.997472066390
2820000000.00	3840949639.11	1761018.00000	1764907.00000	0.997796484461
2821000000.00	3840949640.39	1766326.00000	1771641.00000	0.996999956537
2822000000.00	3840949641.67	1766261.00000	1769356.00000	0.998250775989
2823000000.00	3840949642.95	1754187.00000	1757236.00000	0.998264888723
2824000000.00	3840949644.25	1764902.00000	1771093.00000	0.996504418458
2825000000.00	3840949645.53	1757889.00000	1762019.00000	0.997656097919
2826000000.00	3840949646.81	1755568.00000	1763395.00000	0.995561402862
2827000000.00	3840949648.09	1755980.00000	1763324.00000	0.995835138636
2828000000.00	3840949649.37	1749836.00000	1756168.00000	0.996394422402
2829000000.00	3840949650.67	1755908.00000	1765901.00000	0.994341132374
2830000000.00	3840949651.94	1756870.00000	1767172.00000	0.994170346746
2831000000.00	3840949653.22	1753019.00000	1763250.00000	0.994197646392
2832000000.00	3840949654.50	1751755.00000	1766681.00000	0.991551389300
2833000000.00	3840949655.78	1747842.00000	1763326.00000	0.991218867073
2834000000.00	3840949657.07	1739020.00000	1755646.00000	0.990529981557
2835000000.00	3840949658.34	1743998.00000	1762933.00000	0.989259376278
2836000000.00	3840949659.63	1741137.00000	1760408.00000	0.989053105871
2837000000.00	3840949660.92	1738116.00000	1762162.00000	0.986354262548
2838000000.00	3840949662.22	1729104.00000	1757550.00000	0.983814969702
2839000000.00	3840949663.50	1736741.00000	1760764.00000	0.986356490705
2840000000.00	3840949664.78	1723661.00000	1749241.00000	0.985376514728
2841000000.00	3840949666.05	1743450.00000	1768038.00000	0.986093059086
2842000000.00	3840949667.33	1744172.00000	1765155.00000	0.988112658662
2843000000.00	3840949668.62	1751922.00000	1774435.00000	0.987312581188
2844000000.00	3840949669.91	1752959.00000	1773950.00000	0.988167084754
2845000000.00	3840949671.18	1746013.00000	1769273.00000	0.986853357283
2846000000.00	3840949672.46	1736386.00000	1765434.00000	0.983546255482
2847000000.00	3840949673.74	1737425.00000	1766813.00000	0.983366660761
2848000000.00	3840949675.03	1730768.00000	1759692.00000	0.983563032622
2849000000.00	3840949676.31	1731659.00000	1761472.00000	0.983074950950
2850000000.00	3840949677.60	1728162.00000	1756977.00000	0.983599671481
2851000000.00	3840949678.88	1738849.00000	1766043.00000	0.984601733933
2852000000.00	3840949680.16	1735710.00000	1758209.00000	0.987203455334
2853000000.00	3840949681.44	1750195.00000	1767648.00000	0.990126427886
2854000000.00	3840949682.71	1750102.00000	1765624.00000	0.991208773782
2855000000.00	3840949683.99	1752112.00000	1766691.00000	0.991747849511
2856000000.00	3840949685.27	1761176.00000	1776914.00000	0.991143071640
2857000000.00	3840949686.55	1749953.00000	1763123.00000	0.992530299928
2858000000.00	3840949687.83	1751880.00000	1764882.00000	0.992632935233
2859000000.00	3840949689.12	1748488.00000	1763585.00000	0.991439596050
2860000000.00	3840949690.41	1741184.00000	1757816.00000	0.990538258839
2861000000.00	3840949691.68	1737727.00000	1755538.00000	0.989854392215
2862000000.00	3840949692.97	1749149.00000	1768499.00000	0.989058517986
2863000000.00	3840949694.25	1748076.00000	1771311.00000	0.986882597127
2864000000.00	3840949695.53	1742247.00000	1767542.00000	0.985689166085
2865000000.00	3840949696.82	1727612.00000	1754703.00000	0.984560919996
2866000000.00	3840949698.10	1738294.00000	1766476.00000	0.984046202722
2867000000.00	3840949699.37	1736360.00000	1761163.00000	0.985916692549
2868000000.00	3840949700.65	1746058.00000	1767393.00000	0.987928547867
2869000000.00	3840949701.93	1745696.00000	1763827.00000	0.989720647206
2870000000.00	3840949703.22	1747724.00000	1762022.00000	0.991885458865
2871000000.00	3840949704.49	1744065.00000	1755464.00000	0.993506560089
2872000000.00	3840949705.78	1745095.00000	1756611.00000	0.993444194531
2873000000.00	3840949707.06	1748016.00000	1757393.00000	0.994664255519
2874000000.00	3840949708.34	1746170.00000	1762122.00000	0.990947278338
2875000000.00	3840949709.63	1741460.00000	1758165.00000	0.990498616455
2876000000.00	3840949710.91	1742264.00000	1764286.00000	0.987517896758
2877000000.00	3840949712.19	1751747.00000	1775541.00000	0.986599014047
2878000000.00	3840949713.46	1746350.00000	1770178.00000	0.986539206792
2879000000.00	3840949714.74	1737697.00000	1759428.00000	0.987648826778
2880000000.00	3840949716.02	1741773.00000	1763505.00000	0.987676814072
2881000000.00	3840949717.31	1752031.00000	1768464.00000	0.990707755431
2882000000.00	3840949718.58	1753409.00000	1768830.00000	0.991281807749
2883000000.00	3840949719.87	1758237.00000	1774500.00000	0.990835164835
2884000000.00	3840949721.15	1751625.00000	1766794.00000	0.991414392397
2885000000.00	3840949722.43	1755753.00000	1769798.00000	0.992064066069
2886000000.00	3840949723.71	1750513.00000	1761627.00000	0.993691059458
2887000000.00	3840949725.00	1755962.00000	1765946.00000	0.994346372992
2888000000.00	3840949726.28	1756393.00000	1767092.00000	0.993945419933
2889000000.00	3840949727.56	1742663.00000	1754581.00000	0.993207495123
2890000000.00	3840949728.85	1732324.00000	1751113.00000	0.989270252691
2891000000.00	3840949730.14	1745112.00000	1765965.00000	0.988191725204
2892000000.00	3840949731.41	1750903.00000	1775064.00000	0.986388659789
2893000000.00	3840949732.70	1747756.00000	1773543.00000	0.985460177735
2894000000.00	3840949733.99	1746557.00000	1771552.00000	0.985890902440
2895000000.00	3840949735.28	1747476.00000	1772681.00000	0.985781423730
2896000000.00	3840949736.56	1751107.00000	1773420.00000	0.987418096108
2897000000.00	3840949737.84	1746808.00000	1767318.00000	0.988394844618
2898000000.00	3840949739.12	1740469.00000	1759092.00000	0.989413288219
2899000000.00	3840949740.40	1748265.00000	1769266.00000	0.988130105931
2900000000.00	3840949741.68	1745594.00000	1770053.00000	0.986181769698
2901000000.00	3840949742.97	1750378.00000	1771321.00000	0.988176620725
2902000000.00	3840949744.25	1742347.00000	1764435.00000	0.987481545084
2903000000.00	3840949745.53	1737733.00000	1760155.00000	0.987261349143
2904000000.00	3840949746.81	1732561.00000	1759384.00000	0.984754323104
2905000000.00	3840949748.09	1744548.00000	1766092.00000	0.987801314994
2906000000.00	3840949749.38	1748298.00000	1766078.00000	0.989932494488
2907000000.00	3840949750.67	1747119.00000	1764513.00000	0.990142322556
2908000000.00	3840949751.94	1751329.00000	1764453.00000	0.992562000801
2909000000.00	3840949753.22	1755733.00000	1767182.00000	0.993521323780
2910000000.00	3840949754.51	1754948.00000	1763358.00000	0.995230690535
2911000000.00	3840949755.80	1757505.00000	1766292.00000	0.995025171376
2912000000.00	3840949757.08	1748581.00000	1758351.00000	0.994443657722
2913000000.00	3840949758.35	1752048.00000	1755993.00000	0.997753407901
2914000000.00	3840949759.62	1754167.00000	1759192.00000	0.997143575005
2915000000.00	3840949760.90	1760062.00000	1768404.00000	0.995282752131
2916000000.00	3840949762.18	1762816.00000	1764662.00000	0.998953907320
2917000000.00	3840949763.46	1754190.00000	1758077.00000	0.997789061571
2918000000.00	3840949764.74	1764774.00000	1767701.00000	0.998344176985
2919000000.00	3840949766.02	1771133.00000	1775774.00000	0.997386491750
2920000000.00	3840949767.31	1769872.00000	1772639.00000	0.998439050478
2921000000.00	3840949768.61	1760930.00000	1764606.00000	0.997916815425
2922000000.00	3840949769.90	1754447.00000	1759215.00000	0.997289700236
2923000000.00	3840949771.17	1762510.00000	1763511.00000	0.999432382333
2924000000.00	3840949772.44	1768987.00000	1770207.00000	0.999310815063
2925000000.00	3840949773.71	1762609.00000	1767488.00000	0.997239585219
2926000000.00	3840949774.99	1766244.00000	1770909.00000	0.997365759618
2927000000.00	3840949776.27	1757247.00000	1760672.00000	0.998054720016
2928000000.00	3840949777.55	1766994.00000	1771700.00000	0.997343794096
2929000000.00	3840949778.83	1759240.00000	1764040.00000	0.997278973266
2930000000.00	3840949780.11	1764023.00000	1766818.00000	0.998418060038
2931000000.00	3840949781.39	1750279.00000	1753249.00000	0.998306002171
2932000000.00	3840949782.68	1765571.00000	1767428.00000	0.998949320708
2933000000.00	3840949783.96	1761134.00000	1762854.00000	0.999024309444
2934000000.00	3840949785.22	1761839.00000	1765483.00000	0.997935975594
2935000000.00	3840949786.50	1757552.00000	1758249.00000	0.999603582883
2936000000.00	3840949787.79	1757932.00000	1759234.00000	0.999259905163
2937000000.00	3840949789.09	1761281.00000	1763608.00000	0.998680545790
2938000000.00	3840949790.36	1763940.00000	1767272.00000	0.998114608278
2939000000.00	3840949791.65	1758927.00000	1766718.00000	0.995590128136
2940000000.00	3840949792.93	1762053.00000	1762958.00000	0.999486658219
2941000000.00	3840949794.22	1767558.00000	1769146.00000	0.999102391775
2942000000.00	3840949795.50	1763085.00000	1766121.00000	0.998280978483
2943000000.00	3840949796.79	1767394.00000	1770496.00000	0.998247948597
2944000000.00	3840949798.06	1763591.00000	1764703.00000	0.999369865637
2945000000.00	3840949799.34	1742874.00000	1743492.00000	0.999645538953
2946000000.00	3840949800.62	1759013.00000	1761483.00000	0.998597772445
2947000000.00	3840949801.91	1774408.00000	1777764.00000	0.998112235370
2948000000.00	3840949803.19	1759025.00000	1761242.00000	0.998741229201
2949000000.00	3840949804.47	1759298.00000	1760086.00000	0.999552294604
2950000000.00	3840949805.75	1757604.00000	1759660.00000	0.998831592467
2951000000.00	3840949807.03	1762144.00000	1762375.00000	0.999868926874
2952000000.00	3840949808.31	1756727.00000	1758329.00000	0.999088907707
2953000000.00	3840949809.61	1766191.00000	1766675.00000	0.999726039028
2954000000.00	3840949810.89	1746086.00000	1748158.00000	0.998814752442
2955000000.00	3840949812.16	1768297.00000	1773733.00000	0.996935277181
2956000000.00	3840949813.43	1767596.00000	1769029.00000	0.999189951097
2957000000.00	3840949814.71	1777336.00000	1779867.00000	0.998577983636
2958000000.00	3840949815.99	1771056.00000	1775603.00000	0.997439179817
2959000000.00	3840949817.28	1771502.00000	1775029.00000	0.998012990210
2960000000.00	3840949818.55	1772684.00000	1772227.00000	1.00025786764
2961000000.00	3840949819.83	1771476.00000	1773659.00000	0.998769210993
2962000000.00	3840949821.11	1775276.00000	1774414.00000	1.00048579418
2963000000.00	3840949822.40	1769758.00000	1772415.00000	0.998500915418
2964000000.00	3840949823.70	1766135.00000	1770454.00000	0.997560512727
2965000000.00	3840949824.98	1778735.00000	1781775.00000	0.998293836203
2966000000.00	3840949826.28	1780844.00000	1780901.00000	0.999967993729
2967000000.00	3840949827.57	1775259.00000	1777231.00000	0.998890408731
2968000000.00	3840949828.84	1768200.00000	1767096.00000	1.00062475383
2969000000.00	3840949830.13	1766516.00000	1768340.00000	0.998968524153
2970000000.00	3840949831.41	1766279.00000	1770581.00000	0.997570289075
2971000000.00	3840949832.68	1773825.00000	1776188.00000	0.998669622810
2972000000.00	3840949833.96	1770699.00000	1771615.00000	0.999482957640
2973000000.00	3840949835.24	1768449.00000	1770027.00000	0.999108488176
2974000000.00	3840949836.54	1751978.00000	1757484.00000	0.996867112304
2975000000.00	3840949837.82	1762466.00000	1763966.00000	0.999149643474
2976000000.00	3840949839.10	1770169.00000	1768154.00000	1.00113960662
2977000000.00	3840949840.39	1764651.00000	1764992.00000	0.999806797991
2978000000.00	3840949841.66	1763727.00000	1765740.00000	0.998859968059
2979000000.00	3840949842.94	1767052.00000	1771270.00000	0.997618657799
2980000000.00	3840949844.24	1777222.00000	1779019.00000	0.998989892744
2981000000.00	3840949845.52	1782893.00000	1783036.00000	0.999919799712
2982000000.00	3840949846.79	1781970.00000	1780441.00000	1.00085877600
2983000000.00	3840949848.07	1767853.00000	1772146.00000	0.997577513365
2984000000.00	3840949849.36	1762111.00000	1763676.00000	0.999112648809
2985000000.00	3840949850.64	1763424.00000	1763234.00000	1.00010775654
2986000000.00	3840949851.92	1767880.00000	1768150.00000	0.999847298023
2987000000.00	3840949853.20	1772658.00000	1776008.00000	0.998113747235
2988000000.00	3840949854.47	1760719.00000	1764553.00000	0.997827211764
2989000000.00	3840949855.77	1767432.00000	1768699.00000	0.999283654257
2990000000.00	3840949857.04	1762050.00000	1760580.00000	1.00083495212
2991000000.00	3840949858.33	1764567.00000	1766066.00000	0.999151220849
2992000000.00	3840949859.60	1764538.00000	1764853.00000	0.999821514880
2993000000.00	3840949860.89	1767403.00000	1769649.00000	0.998730821762
2994000000.00	3840949862.19	1763085.00000	1765547.00000	0.998605531317
2995000000.00	3840949863.47	1760242.00000	1763173.00000	0.998337656033
2996000000.00	3840949864.75	1763625.00000	1764192.00000	0.999678606410
2997000000.00	3840949866.03	1755704.00000	1754555.00000	1.00065486690
2998000000.00	3840949867.31	1767859.00000	1769511.00000	0.999066408742
2999000000.00	3840949868.59	1771534.00000	1771475.00000	1.00003330558
3000000000.00	3840949869.87	1761894.00000	1762646.00000	0.999573368674
