#Sample	Not specified
RF-Frequency	Timestamp	Photon Counter1 CH A	Photon Counter1 CH B	Photon Counter1 Ratio
Hz	s since 1904-01-01 12amUTC	counts	counts	a.u.
2750000000.00	3840945972.73	1830462.00000	1833570.00000	0.998304946089
2751000000.00	3840945974.02	1830487.00000	1830884.00000	0.999783164854
2752000000.00	3840945975.31	1841837.00000	1842047.00000	0.999885996394
2753000000.00	3840945976.58	1831186.00000	1831194.00000	0.999995631266
2754000000.00	3840945977.86	1823924.00000	1826084.00000	0.998817140942
2755000000.00	3840945979.14	1824688.00000	1827066.00000	0.998698459716
2756000000.00	3840945980.42	1823968.00000	1822355.00000	1.00088511843
2757000000.00	3840945981.70	1817441.00000	1817927.00000	0.999732662533
2758000000.00	3840945982.98	1822370.00000	1823164.00000	0.999564493375
2759000000.00	3840945984.26	1830772.00000	1828942.00000	1.00100057848
2760000000.00	3840945985.54	1825916.00000	1826962.00000	0.999427464830
2761000000.00	3840945986.82	1824150.00000	1824984.00000	0.999543009692
2762000000.00	3840945988.10	1822581.00000	1825515.00000	0.998392782311
2763000000.00	3840945989.38	1825874.00000	1829544.00000	0.997994035672
2764000000.00	3840945990.67	1830089.00000	1829435.00000	1.00035748742
2765000000.00	3840945991.95	1827194.00000	1827710.00000	0.999717679501
2766000000.00	3840945993.23	1826989.00000	1831557.00000	0.997505947126
2767000000.00	3840945994.50	1830423.00000	1830389.00000	1.00001857529
2768000000.00	3840945995.78	1829184.00000	1833014.00000	0.997910545146
2769000000.00	3840945997.06	1831118.00000	1831474.00000	0.999805621046
2770000000.00	3840945998.34	1826268.00000	1827808.00000	0.999157460740
2771000000.00	3840945999.62	1821648.00000	1826923.00000	0.997112631457
2772000000.00	3840946000.90	1822059.00000	1822909.00000	0.999533712325
2773000000.00	3840946002.18	1821009.00000	1823973.00000	0.998374975945
2774000000.00	3840946003.46	1828826.00000	1828207.00000	1.00033858310
2775000000.00	3840946004.74	1822457.00000	1825418.00000	0.998377905773
2776000000.00	3840946006.02	1832720.00000	1830778.00000	1.00106075122
2777000000.00	3840946007.30	1821926.00000	1824660.00000	0.998501638661
2778000000.00	3840946008.58	1821707.00000	1824964.00000	0.998215307261
2779000000.00	3840946009.86	1824535.00000	1824402.00000	1.00007290060
2780000000.00	3840946011.15	1827285.00000	1830142.00000	0.998438918947
2781000000.00	3840946012.43	1825852.00000	1829266.00000	0.998133677661
2782000000.00	3840946013.71	1821235.00000	1823622.00000	0.998691066460
2783000000.00	3840946014.99	1819089.00000	1820652.00000	0.999141516336
2784000000.00	3840946016.27	1824574.00000	1827554.00000	0.998369405227
2785000000.00	3840946017.55	1828468.00000	1831740.00000	0.998213720288
2786000000.00	3840946018.83	1823769.00000	1823625.00000	1.00007896360
2787000000.00	3840946020.11	1823512.00000	1824554.00000	0.999428901529
2788000000.00	3840946021.39	1838531.00000	1838358.00000	1.00009410572
2789000000.00	3840946022.67	1827687.00000	1827211.00000	1.00026050631
2790000000.00	3840946023.96	1830765.00000	1828529.00000	1.00122284087
2791000000.00	3840946025.24	1828777.00000	1832940.00000	0.997728785449
2792000000.00	3840946026.52	1831820.00000	1832703.00000	0.999518197984
2793000000.00	3840946027.80	1821485.00000	1823585.00000	0.998848422201
2794000000.00	3840946029.08	1817634.00000	1820432.00000	0.998463002188
2795000000.00	3840946030.36	1831746.00000	1832480.00000	0.999599449926
2796000000.00	3840946031.64	1828851.00000	1830715.00000	0.998981818579
2797000000.00	3840946032.93	1824629.00000	1826688.00000	0.998872823383
2798000000.00	3840946034.21	1831843.00000	1829732.00000	1.00115372087
2799000000.00	3840946035.49	1838031.00000	1838851.00000	0.999554069362
2800000000.00	3840946036.78	1830171.00000	1831600.00000	0.999219807818
2801000000.00	3840946038.06	1817580.00000	1821767.00000	0.997701681938
2802000000.00	3840946039.34	1831017.00000	1834839.00000	0.997916983452
2803000000.00	3840946040.63	1815038.00000	1815056.00000	0.999990082951
2804000000.00	3840946041.92	1826953.00000	1829758.00000	0.998467010392
2805000000.00	3840946043.21	1829128.00000	1833592.00000	0.997565434404
2806000000.00	3840946044.49	1828052.00000	1832089.00000	0.997796504427
2807000000.00	3840946045.77	1819311.00000	1822765.00000	0.998105076628
2808000000.00	3840946047.05	1812438.00000	1815174.00000	0.998492706484
2809000000.00	3840946048.34	1820900.00000	1830564.00000	0.994720752730
2810000000.00	3840946049.62	1825582.00000	1828936.00000	0.998166146874
2811000000.00	3840946050.90	1820017.00000	1823224.00000	0.998241027981
2812000000.00	3840946052.18	1829023.00000	1837539.00000	0.995365540541
2813000000.00	3840946053.46	1821529.00000	1828511.00000	0.996181592564
2814000000.00	3840946054.74	1821962.00000	1833429.00000	0.993745599093
2815000000.00	3840946056.02	1812543.00000	1824338.00000	0.993534641059
2816000000.00	3840946057.30	1815293.00000	1831714.00000	0.991035172521
2817000000.00	3840946058.58	1803889.00000	1823900.00000	0.989028455507
2818000000.00	3840946059.87	1811888.00000	1833887.00000	0.988004168196
2819000000.00	3840946061.15	1800952.00000	1824531.00000	0.987076678884
2820000000.00	3840946062.43	1800508.00000	1824156.00000	0.987036196466
2821000000.00	3840946063.72	1802757.00000	1822230.00000	0.989313643173
2822000000.00	3840946065.00	1808826.00000	1830026.00000	0.988415465135
2823000000.00	3840946066.29	1804111.00000	1825882.00000	0.988076447437
2824000000.00	3840946067.57	1812145.00000	1828791.00000	0.990897811724
2825000000.00	3840946068.85	1808993.00000	1821864.00000	0.992935257516
2826000000.00	3840946070.13	1821286.00000	1833963.00000	0.993087646806
2827000000.00	3840946071.41	1825553.00000	1834745.00000	0.994990039488
2828000000.00	3840946072.69	1820449.00000	1829870.00000	0.994851546831
2829000000.00	3840946073.97	1837073.00000	1840012.00000	0.998402727808
2830000000.00	3840946075.25	1821322.00000	1827676.00000	0.996523453829
2831000000.00	3840946076.53	1821178.00000	1830593.00000	0.994856857860
2832000000.00	3840946077.81	1818290.00000	1822617.00000	0.997625941160
2833000000.00	3840946079.09	1828348.00000	1833385.00000	0.997252622881
2834000000.00	3840946080.36	1819210.00000	1826179.00000	0.996183835210
2835000000.00	3840946081.64	1823497.00000	1825657.00000	0.998816864285
2836000000.00	3840946082.92	1820847.00000	1824317.00000	0.998097918289
2837000000.00	3840946084.21	1827408.00000	1830484.00000	0.998319570125
2838000000.00	3840946085.50	1822557.00000	1831276.00000	0.995238838930
2839000000.00	3840946086.78	1811245.00000	1815532.00000	0.997638708654
2840000000.00	3840946088.06	1810909.00000	1818986.00000	0.995559613983
2841000000.00	3840946089.35	1811185.00000	1821220.00000	0.994489957281
2842000000.00	3840946090.63	1815649.00000	1823341.00000	0.995781370572
2843000000.00	3840946091.91	1809111.00000	1820557.00000	0.993712913136
2844000000.00	3840946093.19	1818698.00000	1831454.00000	0.993035042103
2845000000.00	3840946094.47	1817724.00000	1831030.00000	0.992733051889
2846000000.00	3840946095.76	1816106.00000	1826625.00000	0.994241292000
2847000000.00	3840946097.05	1812004.00000	1828673.00000	0.990884646954
2848000000.00	3840946098.33	1808674.00000	1823501.00000	0.991868937829
2849000000.00	3840946099.61	1805668.00000	1821125.00000	0.991512389320
2850000000.00	3840946100.89	1801544.00000	1823148.00000	0.988150166635
2851000000.00	3840946102.18	1806842.00000	1828860.00000	0.987960806185
2852000000.00	3840946103.46	1798032.00000	1829237.00000	0.982940974844
2853000000.00	3840946104.74	1799285.00000	1828135.00000	0.984218889743
2854000000.00	3840946106.02	1799020.00000	1832400.00000	0.981783453394
2855000000.00	3840946107.30	1794930.00000	1827480.00000	0.982188587563
2856000000.00	3840946108.57	1795153.00000	1829513.00000	0.981219045724
2857000000.00	3840946109.85	1786108.00000	1819953.00000	0.981403365911
2858000000.00	3840946111.13	1782925.00000	1821589.00000	0.978774575384
2859000000.00	3840946112.42	1793893.00000	1830400.00000	0.980055179196
2860000000.00	3840946113.70	1798985.00000	1832168.00000	0.981888669598
2861000000.00	3840946114.98	1789842.00000	1821514.00000	0.982612266499
2862000000.00	3840946116.26	1779485.00000	1811810.00000	0.982158725253
2863000000.00	3840946117.54	1789473.00000	1819386.00000	0.983558739047
2864000000.00	3840946118.83	1792254.00000	1819043.00000	0.985273025432
2865000000.00	3840946120.11	1806993.00000	1828446.00000	0.988267085820
2866000000.00	3840946121.39	1803818.00000	1823863.00000	0.989009591181
2867000000.00	3840946122.67	1810997.00000	1825715.00000	0.991938500807
2868000000.00	3840946123.95	1813887.00000	1825874.00000	0.993434924863
2869000000.00	3840946125.24	1827461.00000	1837054.00000	0.994778052251
2870000000.00	3840946126.52	1818533.00000	1828479.00000	0.994560506301
2871000000.00	3840946127.80	1818673.00000	1826240.00000	0.995856513930
2872000000.00	3840946129.08	1814304.00000	1825532.00000	0.993849464156
2873000000.00	3840946130.37	1808054.00000	1818474.00000	0.994269920824
2874000000.00	3840946131.65	1807807.00000	1819722.00000	0.993452296560
2875000000.00	3840946132.93	1817640.00000	1832135.00000	0.992088465097
2876000000.00	3840946134.21	1806929.00000	1824062.00000	0.990607227167
2877000000.00	3840946135.50	1801052.00000	1821955.00000	0.988527159013
2878000000.00	3840946136.78	1798586.00000	1825261.00000	0.985385651696
2879000000.00	3840946138.06	1792783.00000	1822848.00000	0.983506578716
2880000000.00	3840946139.35	1788771.00000	1816807.00000	0.984568531495
2881000000.00	3840946140.63	1804267.00000	1835653.00000	0.982901997273
2882000000.00	3840946141.91	1795221.00000	1826740.00000	0.982745765681
2883000000.00	3840946143.19	1795539.00000	1826512.00000	0.983042542288
2884000000.00	3840946144.47	1790513.00000	1818874.00000	0.984407386108
2885000000.00	3840946145.76	1790323.00000	1822581.00000	0.982300923800
2886000000.00	3840946147.04	1790568.00000	1825120.00000	0.981068642062
2887000000.00	3840946148.33	1798344.00000	1829674.00000	0.982876731046
2888000000.00	3840946149.61	1784214.00000	1809576.00000	0.985984562129
2889000000.00	3840946150.89	1789354.00000	1815410.00000	0.985647319338
2890000000.00	3840946152.17	1805336.00000	1826167.00000	0.988593047624
2891000000.00	3840946153.45	1803852.00000	1821582.00000	0.990266702240
2892000000.00	3840946154.73	1804989.00000	1819763.00000	0.991881360375
2893000000.00	3840946156.01	1815566.00000	1829236.00000	0.992526934742
2894000000.00	3840946157.29	1811713.00000	1823963.00000	0.993283854990
2895000000.00	3840946158.57	1812276.00000	1824008.00000	0.993568010667
2896000000.00	3840946159.86	1819845.00000	1829599.00000	0.994668777147
2897000000.00	3840946161.14	1813142.00000	1822724.00000	0.994743032955
2898000000.00	3840946162.42	1811233.00000	1823622.00000	0.993206377199
2899000000.00	3840946163.70	1814453.00000	1821688.00000	0.996028408816
2900000000.00	3840946164.98	1809864.00000	1816274.00000	0.996470796807
2901000000.00	3840946166.28	1811699.00000	1818986.00000	0.995993921888
2902000000.00	3840946167.56	1815481.00000	1821444.00000	0.996726223809
2903000000.00	3840946168.84	1812648.00000	1823076.00000	0.994279997104
2904000000.00	3840946170.13	1819375.00000	1825088.00000	0.996869739980
2905000000.00	3840946171.41	1815498.00000	1822639.00000	0.996082054647
2906000000.00	3840946172.70	1823853.00000	1830284.00000	0.996486337639
2907000000.00	3840946173.98	1817418.00000	1821341.00000	0.997846092522
2908000000.00	3840946175.26	1821539.00000	1826190.00000	0.997453167524
2909000000.00	3840946176.54	1816446.00000	1823539.00000	0.996110310775
2910000000.00	3840946177.83	1817174.00000	1821483.00000	0.997634345201
2911000000.00	3840946179.11	1815823.00000	1825014.00000	0.994963874250
2912000000.00	3840946180.39	1807769.00000	1816502.00000	0.995192408266
2913000000.00	3840946181.67	1817709.00000	1824071.00000	0.996512197168
2914000000.00	3840946182.95	1810240.00000	1823182.00000	0.992901421800
2915000000.00	3840946184.23	1811245.00000	1825915.00000	0.991965672006
2916000000.00	3840946185.51	1792459.00000	1811456.00000	0.989512855957
2917000000.00	3840946186.79	1802402.00000	1824564.00000	0.987853536516
2918000000.00	3840946188.06	1794199.00000	1815922.00000	0.988037481786
2919000000.00	3840946189.34	1801464.00000	1826482.00000	0.986302629864
2920000000.00	3840946190.62	1796429.00000	1821602.00000	0.986180845212
2921000000.00	3840946191.92	1804437.00000	1824003.00000	0.989273043959
2922000000.00	3840946193.21	1799654.00000	1819904.00000	0.988873039457
2923000000.00	3840946194.49	1804116.00000	1823346.00000	0.989453455351
2924000000.00	3840946195.77	1798417.00000	1814379.00000	0.991202499588
2925000000.00	3840946197.06	1803584.00000	1814174.00000	0.994162632691
2926000000.00	3840946198.34	1807168.00000	1816493.00000	0.994866481732
2927000000.00	3840946199.62	1815681.00000	1821385.00000	0.996868317242
2928000000.00	3840946200.90	1807256.00000	1817452.00000	0.994389948125
2929000000.00	3840946202.17	1810900.00000	1819004.00000	0.995544814635
2930000000.00	3840946203.45	1814287.00000	1816917.00000	0.998552493042
2931000000.00	3840946204.73	1802631.00000	1806398.00000	0.997914634538
2932000000.00	3840946206.00	1814920.00000	1819352.00000	0.997563967830
2933000000.00	3840946207.28	1819336.00000	1823939.00000	0.997476341040
2934000000.00	3840946208.56	1802629.00000	1804849.00000	0.998769980203
2935000000.00	3840946209.84	1819472.00000	1821183.00000	0.999060500784
2936000000.00	3840946211.13	1818283.00000	1822005.00000	0.997957195507
2937000000.00	3840946212.41	1821031.00000	1824210.00000	0.998257327830
2938000000.00	3840946213.71	1821676.00000	1824166.00000	0.998634992649
2939000000.00	3840946215.00	1821863.00000	1820643.00000	1.00067009293
2940000000.00	3840946216.30	1814704.00000	1818889.00000	0.997699144918
2941000000.00	3840946217.58	1823489.00000	1826681.00000	0.998252568456
2942000000.00	3840946218.86	1823684.00000	1826296.00000	0.998569782773
2943000000.00	3840946220.15	1823744.00000	1828644.00000	0.997320418846
2944000000.00	3840946221.42	1822761.00000	1828409.00000	0.996910975608
2945000000.00	3840946222.70	1826380.00000	1828834.00000	0.998658161430
2946000000.00	3840946224.00	1814096.00000	1815697.00000	0.999118244949
2947000000.00	3840946225.28	1820922.00000	1824897.00000	0.997821794874
2948000000.00	3840946226.56	1823634.00000	1824559.00000	0.999493028178
2949000000.00	3840946227.84	1821164.00000	1822913.00000	0.999040546642
2950000000.00	3840946229.12	1818798.00000	1820935.00000	0.998826427083
2951000000.00	3840946230.40	1814658.00000	1813850.00000	1.00044546131
2952000000.00	3840946231.68	1813465.00000	1816054.00000	0.998574381599
2953000000.00	3840946232.96	1819204.00000	1822395.00000	0.998249007487
2954000000.00	3840946234.24	1814404.00000	1819701.00000	0.997089082217
2955000000.00	3840946235.52	1813989.00000	1817002.00000	0.998341773977
2956000000.00	3840946236.80	1819193.00000	1819376.00000	0.999899416064
2957000000.00	3840946238.08	1823906.00000	1827289.00000	0.998148623453
2958000000.00	3840946239.36	1820701.00000	1827061.00000	0.996518999639
2959000000.00	3840946240.64	1824461.00000	1826414.00000	0.998930691508
2960000000.00	3840946241.92	1822545.00000	1824269.00000	0.999054963933
2961000000.00	3840946243.20	1816689.00000	1818382.00000	0.999068952508
2962000000.00	3840946244.48	1819888.00000	1820571.00000	0.999624842975
2963000000.00	3840946245.76	1821801.00000	1822488.00000	0.999623042785
2964000000.00	3840946247.04	1820990.00000	1821486.00000	0.999727694860
2965000000.00	3840946248.32	1822019.00000	1821736.00000	1.00015534633
2966000000.00	3840946249.60	1818299.00000	1820138.00000	0.998989637049
2967000000.00	3840946250.88	1825187.00000	1824557.00000	1.00034528929
2968000000.00	3840946252.16	1821916.00000	1824105.00000	0.998799959432
2969000000.00	3840946253.44	1821876.00000	1821877.00000	0.999999451116
2970000000.00	3840946254.72	1815895.00000	1816105.00000	0.999884367919
2971000000.00	3840946256.00	1813609.00000	1816595.00000	0.998356265431
2972000000.00	3840946257.27	1811913.00000	1814864.00000	0.998373982844
2973000000.00	3840946258.55	1810200.00000	1813725.00000	0.998056485961
2974000000.00	3840946259.83	1814524.00000	1818872.00000	0.997609507431
2975000000.00	3840946261.11	1813900.00000	1812746.00000	1.00063660325
2976000000.00	3840946262.39	1812416.00000	1813578.00000	0.999359277627
2977000000.00	3840946263.67	1824708.00000	1824241.00000	1.00025599688
2978000000.00	3840946264.95	1821803.00000	1824109.00000	0.998735821160
2979000000.00	3840946266.24	1823004.00000	1823455.00000	0.999752667327
2980000000.00	3840946267.52	1824680.00000	1825028.00000	0.999809317994
2981000000.00	3840946268.80	1807373.00000	1809116.00000	0.999036546026
2982000000.00	3840946270.08	1818632.00000	1821059.00000	0.998667258996
2983000000.00	3840946271.36	1811515.00000	1813713.00000	0.998788121384
2984000000.00	3840946272.64	1809728.00000	1813027.00000	0.998180391136
2985000000.00	3840946273.92	1811099.00000	1812603.00000	0.999170254049
2986000000.00	3840946275.20	1817227.00000	1817619.00000	0.999784333240
2987000000.00	3840946276.48	1822539.00000	1824439.00000	0.998958583981
2988000000.00	3840946277.77	1814627.00000	1817088.00000	0.998645635214
2989000000.00	3840946279.05	1828163.00000	1829195.00000	0.999435817395
2990000000.00	3840946280.33	1823034.00000	1824749.00000	0.999060144710
2991000000.00	3840946281.61	1820528.00000	1823589.00000	0.998321441948
2992000000.00	3840946282.90	1820727.00000	1822751.00000	0.998889590515
2993000000.00	3840946284.18	1823421.00000	1826761.00000	0.998171627268
2994000000.00	3840946285.47	1819720.00000	1822032.00000	0.998731087050
2995000000.00	3840946286.76	1819189.00000	1821230.00000	0.998879328805
2996000000.00	3840946288.04	1812748.00000	1812647.00000	1.00005571962
2997000000.00	3840946289.31	1822611.00000	1822429.00000	1.00009986672
2998000000.00	3840946290.59	1819317.00000	1821104.00000	0.999018727102
2999000000.00	3840946291.87	1807986.00000	1808485.00000	0.999724078441
3000000000.00	3840946293.16	1810734.00000	1810692.00000	1.00002319555
