X-ray (ID 01) / Crystal angle θ_c	X-ray (ID 01) / Impulse Imp
θ_c/°	Imp/# / s

4,0	220
4,1	250
4,2	233
4,3	178
4,4	155
4,5	123
4,6	111
4,7	110
4,8	85
4,9	71
5,0	58
5,1	55
5,2	64
5,3	73
5,4	86
5,5	121
5,6	125
5,7	134
5,8	140
5,9	176
6,0	175
6,1	206
6,2	189
6,3	232
6,4	224
6,5	238
6,6	234
6,7	258
6,8	256
6,9	278
7,0	271
7,1	274
7,2	282
7,3	290
7,4	288
7,5	276
7,6	297
7,7	298
7,8	276
7,9	268
8,0	278
8,1	293
8,2	288
8,3	291
8,4	286
8,5	297
8,6	288
8,7	282
8,8	309
8,9	272
9,0	298
9,1	312
9,2	303
9,3	292
9,4	283
9,5	293
9,6	290
9,7	305
9,8	286
9,9	309
10,0	288
10,1	286
10,2	281
10,3	283
10,4	271
10,5	292
10,6	308
10,7	281
10,8	300
10,9	280
11,0	301
11,1	284
11,2	298
11,3	322
11,4	287
11,5	274
11,6	291
11,7	287
11,8	246
11,9	315
12,0	280
12,1	257
12,2	277
12,3	261
12,4	285
12,5	262
12,6	297
12,7	287
12,8	282
12,9	275
13,0	265
13,1	282
13,2	285
13,3	251
13,4	229
13,5	223
13,6	226
13,7	238
13,8	246
13,9	249
14,0	233
14,1	225
14,2	233
14,3	236
14,4	241
14,5	216
14,6	238
14,7	229
14,8	216
14,9	197
15,0	210
15,1	223
15,2	188
15,3	217
15,4	220
15,5	210
15,6	209
15,7	211
15,8	189
15,9	214
16,0	201
16,1	202
16,2	182
16,3	197
16,4	195
16,5	187
16,6	199
16,7	188
16,8	195
16,9	198
17,0	193
17,1	176
17,2	177
17,3	173
17,4	176
17,5	170
17,6	154
17,7	157
17,8	150
17,9	161
18,0	164
18,1	169
18,2	149
18,3	164
18,4	156
18,5	158
18,6	156
18,7	176
18,8	175
18,9	160
19,0	175
19,1	166
19,2	169
19,3	147
19,4	137
19,5	157
19,6	148
19,7	151
19,8	141
19,9	145
20,0	121
20,1	141
20,2	141
20,3	177
20,4	150
20,5	137
20,6	136
20,7	117
20,8	137
20,9	138
21,0	118
21,1	128
21,2	123
21,3	111
21,4	122
21,5	107
21,6	157
21,7	117
21,8	112
21,9	123
22,0	119
22,1	114
22,2	97
22,3	92
22,4	121
22,5	193
22,6	269
22,7	175
22,8	96
22,9	96
23,0	88
23,1	96
23,2	89
23,3	88
23,4	83
23,5	92
23,6	77
23,7	88
23,8	87
23,9	77
24,0	72
24,1	78
24,2	73
24,3	86
24,4	97
24,5	85
24,6	68
24,7	68
24,8	68
24,9	61
25,0	65
25,1	59
25,2	64
25,3	56
25,4	54
25,5	71
25,6	101
25,7	188
25,8	462
25,9	1616
26,0	1677
26,1	509
26,2	207
26,3	123
26,4	117
26,5	120
26,6	80
26,7	77
26,8	76
26,9	70
27,0	81
27,1	73
27,2	64
27,3	71
27,4	67
27,5	72
27,6	57
27,7	61
27,8	71
27,9	63
28,0	60
28,1	66
28,2	71
28,3	89
28,4	115
28,5	216
28,6	462
28,7	2255
28,8	4265
28,9	3513
29,0	941
29,1	276
29,2	127
29,3	81
29,4	52
29,5	51
29,6	38
29,7	49
29,8	52
29,9	46
30,0	40
30,1	40
30,2	35
30,3	39
30,4	41
30,5	30
30,6	31
30,7	41
30,8	30
30,9	35
31,0	28
31,1	37
31,2	32
31,3	26
31,4	31
31,5	38
31,6	31
31,7	30
31,8	34
31,9	22
32,0	25
32,1	30
32,2	23
32,3	24
32,4	25
32,5	24
32,6	26
32,7	23
32,8	27
32,9	28
33,0	30
33,1	30
33,2	30
33,3	21
33,4	22
33,5	25
33,6	24
33,7	21
33,8	27
33,9	24
34,0	17
34,1	23
34,2	21
34,3	26
34,4	21
34,5	20
34,6	17
34,7	21
34,8	18
34,9	20
35,0	15
35,1	20
35,2	19
35,3	25
35,4	22
35,5	20
35,6	17
35,7	17
35,8	18
35,9	16
36,0	16
36,1	18
36,2	19
36,3	18
36,4	16
36,5	21
36,6	23
36,7	17
36,8	13
36,9	16
37,0	20
37,1	13
37,2	16
37,3	13
37,4	23
37,5	18
37,6	16
37,7	16
37,8	17
37,9	23
38,0	16
38,1	18
38,2	17
38,3	13
38,4	15
38,5	15
38,6	15
38,7	15
38,8	15
38,9	22
39,0	18
39,1	18
39,2	16
39,3	14
39,4	17
39,5	20
39,6	15
39,7	18
39,8	14
39,9	18
40,0	20
40,1	14
40,2	16
40,3	15
40,4	17
40,5	14
40,6	11
40,7	11
40,8	19
40,9	15
41,0	18
41,1	13
41,2	12
41,3	14
41,4	11
41,5	15
41,6	13
41,7	12
41,8	10
41,9	12
42,0	12
42,1	14
42,2	10
42,3	14
42,4	16
42,5	15
42,6	16
42,7	15
42,8	9
42,9	12
43,0	9
43,1	15
43,2	11
43,3	13
43,4	13
43,5	12
43,6	13
43,7	11
43,8	17
43,9	15
44,0	11
44,1	12
44,2	13
44,3	17
44,4	10
44,5	11
44,6	11
44,7	10
44,8	12
44,9	13
45,0	9
45,1	12
45,2	10
45,3	8
45,4	9
45,5	9
45,6	7
45,7	13
45,8	10
45,9	15
46,0	8
46,1	13
46,2	10
46,3	12
46,4	15
46,5	11
46,6	11
46,7	14
46,8	9
46,9	14
47,0	11
47,1	9
47,2	14
47,3	14
47,4	9
47,5	12
47,6	11
47,7	12
47,8	8
47,9	7
48,0	13
48,1	12
48,2	11
48,3	11
48,4	7
48,5	8
48,6	11
48,7	11
48,8	8
48,9	7
49,0	9
49,1	17
49,2	11
49,3	14
49,4	11
49,5	5
49,6	12
49,7	9
49,8	12
49,9	28
50,0	32
50,1	21
50,2	21
50,3	10
50,4	7
50,5	8
50,6	9
50,7	12
50,8	10
50,9	14
51,0	8
51,1	11
51,2	7
51,3	8
51,4	8
51,5	15
51,6	11
51,7	12
51,8	9
51,9	9
52,0	10
52,1	10
52,2	10
52,3	11
52,4	11
52,5	7
52,6	8
52,7	11
52,8	12
52,9	8
53,0	13
53,1	14
53,2	11
53,3	8
53,4	10
53,5	8
53,6	12
53,7	11
53,8	8
53,9	8
54,0	9
54,1	12
54,2	10
54,3	8
54,4	9
54,5	10
54,6	14
54,7	9
54,8	9
54,9	10
55,0	10
55,1	11
55,2	6
55,3	11
55,4	12
55,5	13
55,6	14
55,7	19
55,8	10
55,9	5
56,0	10
56,1	8
56,2	6
56,3	11
56,4	8
56,5	9
56,6	8
56,7	11
56,8	8
56,9	9
57,0	10
57,1	11
57,2	9
57,3	11
57,4	11
57,5	14
57,6	7
57,7	9
57,8	11
57,9	6
58,0	10
58,1	8
58,2	8
58,3	13
58,4	8
58,5	9
58,6	12
58,7	7
58,8	8
58,9	6
59,0	14
59,1	11
59,2	7
59,3	11
59,4	8
59,5	12
59,6	10
59,7	11
59,8	8
59,9	14
60,0	19
60,1	22
60,2	25
60,3	14
60,4	21
60,5	30
60,6	43
60,7	178
60,8	388
60,9	311
61,0	148
61,1	87
61,2	45
61,3	31
61,4	24
61,5	17
61,6	14
61,7	11
61,8	16
61,9	13
62,0	11
62,1	12
62,2	12
62,3	12
62,4	10
62,5	12
62,6	6
62,7	18
62,8	13
62,9	16
63,0	14
63,1	12
63,2	10
63,3	10
63,4	15
63,5	13
63,6	10
63,7	13
63,8	11
63,9	10
64,0	8
64,1	18
64,2	11
64,3	12
64,4	11
64,5	10
64,6	11
64,7	13
64,8	11
64,9	13
65,0	12
65,1	10
65,2	11
65,3	13
65,4	15
65,5	14
65,6	12
65,7	11
65,8	9
65,9	16
66,0	13
66,1	9
66,2	10
66,3	12
66,4	13
66,5	14
66,6	9
66,7	12
66,8	12
66,9	10
67,0	9
67,1	9
67,2	10
67,3	11
67,4	10
67,5	14
67,6	15
67,7	12
67,8	13
67,9	12
68,0	9
68,1	12
68,2	13
68,3	11
68,4	11
68,5	12
68,6	10
68,7	4
68,8	9
68,9	9
69,0	11
69,1	10
69,2	11
69,3	8
69,4	11
69,5	11
69,6	16
69,7	12
69,8	14
69,9	12
70,0	10
70,1	14
70,2	15
70,3	15
70,4	12
70,5	10
70,6	10
70,7	16
70,8	13
70,9	12
71,0	14
71,1	11
71,2	14
71,3	15
71,4	12
71,5	19
71,6	14
71,7	14
71,8	17
71,9	16
72,0	13
72,1	16
72,2	18
72,3	17
72,4	17
72,5	18
72,6	17
72,7	19
72,8	24
72,9	28
73,0	28
73,1	35
73,2	42
73,3	52
73,4	33
73,5	51
73,6	58
73,7	85
73,8	130
73,9	307
74,0	832
74,1	1641
74,2	1486
74,3	768
74,4	627
74,5	942
74,6	849
74,7	417
74,8	166
74,9	85
75,0	61
