Kristallwinkel	Rate bei 35kV mit Al
theta/°	R(35kV)/Imp/s

19,0	79,0
19,1	64,0
19,2	84,0
19,3	77,0
19,4	73,0
19,5	92,0
19,6	73,0
19,7	98,0
19,8	117,0
19,9	791,0
20,0	1406,0
20,1	883,0
20,2	206,0
20,3	124,0
20,4	106,0
20,5	104,0
20,6	75,0
20,7	85,0
20,8	76,0
20,9	84,0
21,0	85,0
21,1	78,0
21,2	70,0
21,3	84,0
21,4	88,0
21,5	82,0
21,6	93,0
21,7	117,0
21,8	98,0
21,9	123,0
22,0	182,0
22,1	462,0
22,2	3140,0
22,3	4677,0
22,4	2017,0
22,5	359,0
22,6	144,0
22,7	101,0
22,8	81,0
22,9	68,0
23,0	62,0
23,1	74,0
23,2	57,0
23,3	55,0
23,4	67,0
23,5	53,0
23,6	57,0
23,7	52,0
23,8	45,0
23,9	49,0
24,0	44,0
