Kristallwinkel	Rate bei 35kV mit Al
theta/°	R(35kV)/Imp/s

19,0	44,0
19,1	44,0
19,2	46,0
19,3	46,0
19,4	43,0
19,5	42,0
19,6	44,0
19,7	48,0
19,8	67,0
19,9	474,0
20,0	842,0
20,1	513,0
20,2	108,0
20,3	61,0
20,4	63,0
20,5	69,0
20,6	60,0
20,7	40,0
20,8	47,0
20,9	52,0
21,0	46,0
21,1	42,0
21,2	46,0
21,3	52,0
21,4	43,0
21,5	46,0
21,6	44,0
21,7	52,0
21,8	70,0
21,9	68,0
22,0	101,0
22,1	288,0
22,2	1954,0
22,3	2913,0
22,4	1241,0
22,5	174,0
22,6	91,0
22,7	58,0
22,8	43,0
22,9	40,0
23,0	42,0
23,1	38,0
23,2	37,0
23,3	37,0
23,4	32,0
23,5	35,0
23,6	31,0
23,7	23,0
23,8	34,0
23,9	25,0
24,0	30,0
