Kristallwinkel	Rate bei 35kV mit Al
theta/°	R(35kV)/Imp/s

19,0	21,0
19,1	22,0
19,2	20,0
19,3	16,0
19,4	17,0
19,5	24,0
19,6	21,0
19,7	25,0
19,8	28,0
19,9	234,0
20,0	444,0
20,1	234,0
20,2	45,0
20,3	34,0
20,4	40,0
20,5	27,0
20,6	25,0
20,7	27,0
20,8	27,0
20,9	23,0
21,0	23,0
21,1	24,0
21,2	20,0
21,3	30,0
21,4	18,0
21,5	22,0
21,6	28,0
21,7	25,0
21,8	26,0
21,9	38,0
22,0	53,0
22,1	104,0
22,2	1033,0
22,3	1564,0
22,4	634,0
22,5	100,0
22,6	36,0
22,7	30,0
22,8	21,0
22,9	21,0
23,0	17,0
23,1	15,0
23,2	11,0
23,3	19,0
23,4	13,0
23,5	15,0
23,6	17,0
23,7	12,0
23,8	7,0
23,9	13,0
24,0	14,0
