Kristallwinkel	Rate bei 35kV mit Al
theta/°	R(35kV)/Imp/s

19,0	81,0
19,1	82,0
19,2	69,0
19,3	82,0
19,4	93,0
19,5	89,0
19,6	89,0
19,7	95,0
19,8	154,0
19,9	911,0
20,0	1588,0
20,1	976,0
20,2	214,0
20,3	167,0
20,4	126,0
20,5	112,0
20,6	112,0
20,7	101,0
20,8	123,0
20,9	103,0
21,0	100,0
21,1	90,0
21,2	100,0
21,3	87,0
21,4	97,0
21,5	102,0
21,6	105,0
21,7	122,0
21,8	116,0
21,9	151,0
22,0	207,0
22,1	509,0
22,2	3518,0
22,3	5212,0
22,4	2308,0
22,5	373,0
22,6	184,0
22,7	119,0
22,8	103,0
22,9	78,0
23,0	75,0
23,1	80,0
23,2	66,0
23,3	63,0
23,4	63,0
23,5	63,0
23,6	50,0
23,7	55,0
23,8	67,0
23,9	52,0
24,0	60,0
