Kristallwinkel	Rate bei 35kV mit Al
theta/°	R(35kV)/Imp/s

19,0	29,0
19,1	30,0
19,2	30,0
19,3	26,0
19,4	29,0
19,5	31,0
19,6	35,0
19,7	44,0
19,8	53,0
19,9	371,0
20,0	625,0
20,1	373,0
20,2	78,0
20,3	64,0
20,4	40,0
20,5	44,0
20,6	43,0
20,7	37,0
20,8	37,0
20,9	30,0
21,0	36,0
21,1	33,0
21,2	29,0
21,3	35,0
21,4	35,0
21,5	41,0
21,6	36,0
21,7	42,0
21,8	43,0
21,9	53,0
22,0	80,0
22,1	193,0
22,2	1484,0
22,3	2264,0
22,4	951,0
22,5	135,0
22,6	65,0
22,7	48,0
22,8	41,0
22,9	29,0
23,0	33,0
23,1	21,0
23,2	24,0
23,3	27,0
23,4	26,0
23,5	20,0
23,6	27,0
23,7	27,0
23,8	27,0
23,9	24,0
24,0	22,0
