Kristallwinkel	Rate bei 35kV mit Al
theta/°	R(35kV)/Imp/s

19,0	89,0
19,1	94,0
19,2	92,0
19,3	85,0
19,4	109,0
19,5	97,0
19,6	93,0
19,7	126,0
19,8	183,0
19,9	993,0
20,0	1751,0
20,1	1115,0
20,2	235,0
20,3	164,0
20,4	127,0
20,5	135,0
20,6	122,0
20,7	119,0
20,8	121,0
20,9	111,0
21,0	108,0
21,1	99,0
21,2	107,0
21,3	124,0
21,4	108,0
21,5	117,0
21,6	127,0
21,7	122,0
21,8	123,0
21,9	153,0
22,0	217,0
22,1	568,0
22,2	3859,0
22,3	5646,0
22,4	2581,0
22,5	460,0
22,6	173,0
22,7	130,0
22,8	119,0
22,9	85,0
23,0	91,0
23,1	85,0
23,2	69,0
23,3	65,0
23,4	82,0
23,5	65,0
23,6	66,0
23,7	70,0
23,8	53,0
23,9	61,0
24,0	63,0
