Kristallwinkel	Rate bei 35kV mit Al
theta/°	R(35kV)/Imp/s

19,0	49,0
19,1	38,0
19,2	49,0
19,3	58,0
19,4	54,0
19,5	61,0
19,6	52,0
19,7	56,0
19,8	94,0
19,9	592,0
20,0	1043,0
20,1	593,0
20,2	115,0
20,3	93,0
20,4	81,0
20,5	79,0
20,6	72,0
20,7	70,0
20,8	60,0
20,9	59,0
21,0	57,0
21,1	55,0
21,2	55,0
21,3	61,0
21,4	56,0
21,5	69,0
21,6	67,0
21,7	68,0
21,8	61,0
21,9	90,0
22,0	117,0
22,1	344,0
22,2	2370,0
22,3	3545,0
22,4	1490,0
22,5	255,0
22,6	90,0
22,7	73,0
22,8	59,0
22,9	60,0
23,0	49,0
23,1	41,0
23,2	46,0
23,3	48,0
23,4	33,0
23,5	33,0
23,6	31,0
23,7	33,0
23,8	33,0
23,9	33,0
24,0	39,0
