Kristallwinkel	Rate bei 35kV mit Al
theta/°	R(35kV)/Imp/s

19,0	11,0
19,1	13,0
19,2	9,0
19,3	10,0
19,4	5,0
19,5	11,0
19,6	7,0
19,7	11,0
19,8	19,0
19,9	107,0
20,0	175,0
20,1	106,0
20,2	21,0
20,3	14,0
20,4	11,0
20,5	9,0
20,6	11,0
20,7	8,0
20,8	12,0
20,9	12,0
21,0	13,0
21,1	8,0
21,2	10,0
21,3	13,0
21,4	11,0
21,5	13,0
21,6	13,0
21,7	11,0
21,8	12,0
21,9	11,0
22,0	23,0
22,1	55,0
22,2	493,0
22,3	740,0
22,4	305,0
22,5	40,0
22,6	16,0
22,7	14,0
22,8	11,0
22,9	5,0
23,0	7,0
23,1	7,0
23,2	5,0
23,3	6,0
23,4	4,0
23,5	6,0
23,6	9,0
23,7	4,0
23,8	6,0
23,9	4,0
24,0	2,0
