Kristallwinkel	Rate bei 35kV mit Al
theta/°	R(35kV)/Imp/s

19,0	59,0
19,1	75,0
19,2	65,0
19,3	60,0
19,4	72,0
19,5	72,0
19,6	70,0
19,7	89,0
19,8	107,0
19,9	702,0
20,0	1205,0
20,1	740,0
20,2	147,0
20,3	113,0
20,4	82,0
20,5	90,0
20,6	88,0
20,7	71,0
20,8	79,0
20,9	64,0
21,0	69,0
21,1	73,0
21,2	68,0
21,3	79,0
21,4	70,0
21,5	84,0
21,6	83,0
21,7	75,0
21,8	101,0
21,9	112,0
22,0	159,0
22,1	419,0
22,2	2726,0
22,3	4159,0
22,4	1776,0
22,5	300,0
22,6	121,0
22,7	92,0
22,8	68,0
22,9	66,0
23,0	52,0
23,1	47,0
23,2	48,0
23,3	46,0
23,4	47,0
23,5	40,0
23,6	50,0
23,7	47,0
23,8	39,0
23,9	48,0
24,0	40,0
