Kristallwinkel	Rate bei 35kV mit Al
theta/°	R(35kV)/Imp/s

3,0	23,0
3,1	34,0
3,2	21,0
3,3	19,0
3,4	15,0
3,5	16,0
3,6	15,0
3,7	13,0
3,8	17,0
3,9	12,0
4,0	9,0
4,1	14,0
4,2	13,0
4,3	16,0
4,4	16,0
4,5	19,0
4,6	13,0
4,7	16,0
4,8	15,0
4,9	17,0
5,0	15,0
5,1	14,0
5,2	17,0
5,3	14,0
5,4	12,0
5,5	19,0
5,6	20,0
5,7	18,0
5,8	28,0
5,9	26,0
6,0	28,0
6,1	31,0
6,2	36,0
6,3	32,0
6,4	36,0
6,5	35,0
6,6	37,0
6,7	30,0
6,8	41,0
6,9	42,0
7,0	30,0
7,1	33,0
7,2	47,0
7,3	42,0
7,4	39,0
7,5	35,0
7,6	31,0
7,7	40,0
7,8	42,0
7,9	42,0
8,0	41,0
8,1	49,0
8,2	43,0
8,3	42,0
8,4	41,0
8,5	41,0
8,6	35,0
8,7	49,0
8,8	37,0
8,9	45,0
9,0	47,0
9,1	41,0
9,2	44,0
9,3	47,0
9,4	47,0
9,5	37,0
9,6	41,0
9,7	44,0
9,8	49,0
9,9	58,0
10,0	47,0
10,1	50,0
10,2	41,0
10,3	48,0
10,4	43,0
10,5	51,0
10,6	54,0
10,7	52,0
10,8	53,0
10,9	53,0
11,0	46,0
11,1	54,0
11,2	59,0
11,3	55,0
11,4	50,0
11,5	63,0
11,6	70,0
11,7	58,0
11,8	57,0
11,9	63,0
12,0	55,0
12,1	62,0
12,2	58,0
12,3	59,0
12,4	53,0
12,5	57,0
12,6	59,0
12,7	53,0
12,8	62,0
12,9	57,0
13,0	48,0
13,1	55,0
13,2	52,0
13,3	60,0
13,4	59,0
13,5	52,0
13,6	48,0
13,7	48,0
13,8	43,0
13,9	50,0
14,0	55,0
14,1	49,0
14,2	51,0
14,3	45,0
14,4	52,0
14,5	40,0
14,6	46,0
14,7	39,0
14,8	56,0
14,9	55,0
15,0	43,0
15,1	42,0
15,2	45,0
15,3	50,0
15,4	50,0
15,5	40,0
15,6	57,0
15,7	43,0
15,8	42,0
15,9	36,0
16,0	50,0
16,1	47,0
16,2	36,0
16,3	37,0
16,4	44,0
16,5	43,0
16,6	40,0
16,7	40,0
16,8	43,0
16,9	35,0
17,0	37,0
17,1	29,0
17,2	37,0
17,3	34,0
17,4	37,0
17,5	32,0
17,6	33,0
17,7	24,0
17,8	33,0
17,9	27,0
18,0	37,0
18,1	31,0
18,2	23,0
18,3	41,0
18,4	33,0
18,5	24,0
18,6	37,0
18,7	34,0
18,8	27,0
18,9	32,0
19,0	24,0
19,1	31,0
19,2	30,0
19,3	28,0
19,4	23,0
19,5	24,0
19,6	26,0
19,7	29,0
19,8	32,0
19,9	53,0
20,0	149,0
20,1	630,0
20,2	679,0
20,3	204,0
20,4	65,0
20,5	54,0
20,6	48,0
20,7	46,0
20,8	38,0
20,9	39,0
21,0	35,0
21,1	31,0
21,2	41,0
21,3	27,0
21,4	33,0
21,5	36,0
21,6	44,0
21,7	41,0
21,8	40,0
21,9	43,0
22,0	51,0
22,1	62,0
22,2	111,0
22,3	361,0
22,4	2459,0
22,5	2095,0
22,6	279,0
22,7	57,0
22,8	42,0
22,9	27,0
23,0	25,0
23,1	29,0
23,2	28,0
23,3	23,0
23,4	26,0
23,5	27,0
23,6	20,0
23,7	22,0
23,8	20,0
23,9	23,0
24,0	22,0
24,1	20,0
24,2	16,0
24,3	19,0
24,4	17,0
24,5	15,0
24,6	16,0
24,7	17,0
24,8	14,0
24,9	15,0
25,0	16,0
25,1	13,0
25,2	16,0
25,3	16,0
25,4	16,0
25,5	12,0
25,6	14,0
25,7	13,0
25,8	10,0
25,9	11,0
26,0	12,0
26,1	12,0
26,2	10,0
26,3	9,0
26,4	12,0
26,5	11,0
26,6	9,0
26,7	12,0
26,8	9,0
26,9	11,0
27,0	10,0
27,1	9,0
27,2	15,0
27,3	9,0
27,4	9,0
27,5	5,0
27,6	11,0
27,7	9,0
27,8	8,0
27,9	5,0
28,0	8,0
28,1	8,0
28,2	9,0
28,3	10,0
28,4	12,0
28,5	9,0
28,6	6,0
28,7	10,0
28,8	11,0
28,9	10,0
29,0	9,0
29,1	8,0
29,2	9,0
29,3	7,0
29,4	11,0
29,5	10,0
29,6	7,0
29,7	6,0
29,8	4,0
29,9	10,0
30,0	7,0
30,1	6,0
30,2	5,0
30,3	9,0
30,4	5,0
30,5	5,0
30,6	6,0
30,7	10,0
30,8	6,0
30,9	5,0
31,0	5,0
31,1	6,0
31,2	9,0
31,3	13,0
31,4	7,0
31,5	6,0
31,6	6,0
31,7	5,0
31,8	6,0
31,9	5,0
32,0	9,0
32,1	6,0
32,2	5,0
32,3	5,0
32,4	5,0
32,5	7,0
32,6	6,0
32,7	4,0
32,8	7,0
32,9	5,0
33,0	6,0
33,1	5,0
33,2	6,0
33,3	5,0
33,4	5,0
33,5	5,0
33,6	5,0
33,7	7,0
33,8	8,0
33,9	6,0
34,0	6,0
34,1	4,0
34,2	5,0
34,3	4,0
34,4	5,0
34,5	6,0
34,6	4,0
34,7	4,0
34,8	4,0
34,9	6,0
35,0	7,0
35,1	4,0
35,2	5,0
35,3	7,0
35,4	5,0
35,5	8,0
35,6	2,0
35,7	5,0
35,8	4,0
35,9	4,0
36,0	2,0
36,1	6,0
36,2	3,0
36,3	5,0
36,4	4,0
36,5	7,0
36,6	4,0
36,7	3,0
36,8	1,0
36,9	6,0
37,0	5,0
37,1	4,0
37,2	4,0
37,3	4,0
37,4	5,0
37,5	4,0
37,6	6,0
37,7	6,0
37,8	6,0
37,9	4,0
38,0	5,0
38,1	3,0
38,2	3,0
38,3	2,0
38,4	4,0
38,5	4,0
38,6	3,0
38,7	4,0
38,8	4,0
38,9	5,0
39,0	4,0
39,1	6,0
39,2	4,0
39,3	4,0
39,4	6,0
39,5	6,0
39,6	5,0
39,7	3,0
39,8	3,0
39,9	4,0
40,0	8,0
40,1	2,0
40,2	3,0
40,3	4,0
40,4	6,0
40,5	4,0
40,6	4,0
40,7	3,0
40,8	5,0
40,9	3,0
41,0	2,0
41,1	5,0
41,2	4,0
41,3	4,0
41,4	4,0
41,5	4,0
41,6	3,0
41,7	6,0
41,8	4,0
41,9	4,0
42,0	4,0
42,1	4,0
42,2	6,0
42,3	3,0
42,4	3,0
42,5	5,0
42,6	3,0
42,7	4,0
42,8	7,0
42,9	3,0
43,0	6,0
43,1	4,0
43,2	5,0
43,3	6,0
43,4	9,0
43,5	18,0
43,6	56,0
43,7	97,0
43,8	37,0
43,9	6,0
44,0	8,0
44,1	5,0
44,2	5,0
44,3	5,0
44,4	8,0
44,5	4,0
44,6	5,0
44,7	7,0
44,8	5,0
44,9	5,0
45,0	4,0
45,1	3,0
45,2	5,0
45,3	3,0
45,4	6,0
45,5	3,0
45,6	4,0
45,7	5,0
45,8	1,0
45,9	5,0
46,0	2,0
46,1	4,0
46,2	4,0
46,3	6,0
46,4	6,0
46,5	0,0
46,6	2,0
46,7	6,0
46,8	4,0
46,9	3,0
47,0	6,0
47,1	7,0
47,2	4,0
47,3	3,0
47,4	6,0
47,5	4,0
47,6	6,0
47,7	3,0
47,8	4,0
47,9	3,0
48,0	5,0
48,1	5,0
48,2	4,0
48,3	4,0
48,4	4,0
48,5	3,0
48,6	2,0
48,7	6,0
48,8	6,0
48,9	5,0
49,0	6,0
49,1	8,0
49,2	8,0
49,3	8,0
49,4	12,0
49,5	19,0
49,6	26,0
49,7	148,0
49,8	406,0
49,9	462,0
50,0	240,0
50,1	140,0
50,2	20,0
50,3	17,0
50,4	6,0
50,5	6,0
50,6	3,0
50,7	5,0
50,8	7,0
50,9	6,0
51,0	1,0
51,1	5,0
51,2	4,0
51,3	7,0
51,4	3,0
51,5	4,0
51,6	4,0
51,7	4,0
51,8	5,0
51,9	2,0
52,0	5,0
52,1	6,0
52,2	4,0
52,3	3,0
52,4	4,0
52,5	4,0
52,6	3,0
52,7	5,0
52,8	2,0
52,9	2,0
53,0	6,0
53,1	3,0
53,2	3,0
53,3	3,0
53,4	4,0
53,5	5,0
53,6	5,0
53,7	2,0
53,8	5,0
53,9	4,0
54,0	4,0
54,1	2,0
54,2	3,0
54,3	6,0
54,4	4,0
54,5	2,0
54,6	4,0
54,7	5,0
54,8	4,0
54,9	3,0
55,0	5,0
