Kristallwinkel	Rate bei 35kV mit Al
theta/°	R(35kV)/Imp/s

19,0	116,0
19,1	87,0
19,2	99,0
19,3	118,0
19,4	127,0
19,5	110,0
19,6	106,0
19,7	142,0
19,8	210,0
19,9	1148,0
20,0	1875,0
20,1	1176,0
20,2	248,0
20,3	191,0
20,4	166,0
20,5	138,0
20,6	145,0
20,7	121,0
20,8	125,0
20,9	113,0
21,0	110,0
21,1	122,0
21,2	121,0
21,3	114,0
21,4	130,0
21,5	117,0
21,6	140,0
21,7	151,0
21,8	148,0
21,9	184,0
22,0	248,0
22,1	629,0
22,2	4283,0
22,3	6119,0
22,4	2785,0
22,5	466,0
22,6	201,0
22,7	157,0
22,8	109,0
22,9	100,0
23,0	101,0
23,1	98,0
23,2	86,0
23,3	92,0
23,4	78,0
23,5	65,0
23,6	79,0
23,7	67,0
23,8	63,0
23,9	71,0
24,0	70,0
