Kristallwinkel	Rate bei 35kV mit Al
theta/°	R(35kV)/Imp/s

3,0	428,0
3,1	400,0
3,2	366,0
3,3	299,0
3,4	288,0
3,5	250,0
3,6	190,0
3,7	171,0
3,8	145,0
3,9	125,0
4,0	116,0
4,1	87,0
4,2	95,0
4,3	68,0
4,4	86,0
4,5	61,0
4,6	55,0
4,7	62,0
4,8	67,0
4,9	68,0
5,0	60,0
5,1	64,0
5,2	55,0
5,3	74,0
5,4	79,0
5,5	85,0
5,6	83,0
5,7	88,0
5,8	91,0
5,9	101,0
6,0	99,0
6,1	116,0
6,2	121,0
6,3	106,0
6,4	110,0
6,5	121,0
6,6	120,0
6,7	118,0
6,8	115,0
6,9	116,0
7,0	126,0
7,1	118,0
7,2	143,0
7,3	144,0
7,4	117,0
7,5	125,0
7,6	131,0
7,7	128,0
7,8	121,0
7,9	135,0
8,0	140,0
8,1	122,0
8,2	124,0
8,3	126,0
8,4	120,0
8,5	138,0
8,6	135,0
8,7	124,0
8,8	145,0
8,9	131,0
9,0	126,0
9,1	139,0
9,2	119,0
9,3	132,0
9,4	143,0
9,5	128,0
9,6	137,0
9,7	130,0
9,8	137,0
9,9	134,0
10,0	133,0
10,1	128,0
10,2	115,0
10,3	131,0
10,4	137,0
10,5	116,0
10,6	151,0
10,7	132,0
10,8	145,0
10,9	128,0
11,0	133,0
11,1	135,0
11,2	128,0
11,3	123,0
11,4	125,0
11,5	129,0
11,6	120,0
11,7	125,0
11,8	129,0
11,9	103,0
12,0	133,0
12,1	113,0
12,2	128,0
12,3	114,0
12,4	117,0
12,5	99,0
12,6	116,0
12,7	103,0
12,8	109,0
12,9	102,0
13,0	106,0
13,1	100,0
13,2	92,0
13,3	94,0
13,4	95,0
13,5	80,0
13,6	92,0
13,7	78,0
13,8	92,0
13,9	84,0
14,0	90,0
14,1	83,0
14,2	83,0
14,3	85,0
14,4	81,0
14,5	86,0
14,6	87,0
14,7	78,0
14,8	78,0
14,9	72,0
15,0	66,0
15,1	72,0
15,2	80,0
15,3	74,0
15,4	67,0
15,5	69,0
15,6	62,0
15,7	65,0
15,8	66,0
15,9	70,0
16,0	56,0
16,1	55,0
16,2	70,0
16,3	58,0
16,4	58,0
16,5	60,0
16,6	63,0
16,7	61,0
16,8	63,0
16,9	51,0
17,0	57,0
17,1	58,0
17,2	57,0
17,3	60,0
17,4	49,0
17,5	51,0
17,6	59,0
17,7	60,0
17,8	54,0
17,9	49,0
18,0	53,0
18,1	48,0
18,2	55,0
18,3	45,0
18,4	48,0
18,5	50,0
18,6	42,0
18,7	40,0
18,8	41,0
18,9	44,0
19,0	40,0
19,1	43,0
19,2	40,0
19,3	41,0
19,4	46,0
19,5	45,0
19,6	41,0
19,7	40,0
19,8	41,0
19,9	85,0
20,0	180,0
20,1	148,0
20,2	51,0
20,3	33,0
20,4	32,0
20,5	39,0
20,6	42,0
20,7	39,0
20,8	39,0
20,9	41,0
21,0	35,0
21,1	39,0
21,2	38,0
21,3	40,0
21,4	51,0
21,5	74,0
21,6	86,0
21,7	86,0
21,8	93,0
21,9	114,0
22,0	146,0
22,1	300,0
22,2	2066,0
22,3	4098,0
22,4	2655,0
22,5	433,0
22,6	148,0
22,7	104,0
22,8	74,0
22,9	68,0
23,0	54,0
23,1	54,0
23,2	59,0
23,3	56,0
23,4	47,0
23,5	51,0
23,6	50,0
23,7	52,0
23,8	44,0
23,9	40,0
24,0	32,0
24,1	36,0
24,2	49,0
24,3	47,0
24,4	39,0
24,5	42,0
24,6	33,0
24,7	44,0
24,8	34,0
24,9	36,0
25,0	29,0
25,1	34,0
25,2	36,0
25,3	27,0
25,4	34,0
25,5	32,0
25,6	31,0
25,7	24,0
25,8	29,0
25,9	19,0
26,0	26,0
26,1	28,0
26,2	27,0
26,3	27,0
26,4	28,0
26,5	17,0
26,6	25,0
26,7	27,0
26,8	23,0
26,9	23,0
27,0	23,0
27,1	34,0
27,2	22,0
27,3	21,0
27,4	21,0
27,5	24,0
27,6	25,0
27,7	20,0
27,8	21,0
27,9	23,0
28,0	18,0
28,1	22,0
28,2	17,0
28,3	17,0
28,4	20,0
28,5	18,0
28,6	16,0
28,7	18,0
28,8	18,0
28,9	21,0
29,0	19,0
29,1	16,0
29,2	26,0
29,3	19,0
29,4	19,0
29,5	16,0
29,6	16,0
29,7	21,0
29,8	20,0
29,9	15,0
30,0	22,0
30,1	14,0
30,2	20,0
30,3	18,0
30,4	13,0
30,5	15,0
30,6	20,0
30,7	21,0
30,8	11,0
30,9	13,0
31,0	14,0
31,1	14,0
31,2	16,0
31,3	14,0
31,4	13,0
31,5	17,0
31,6	16,0
31,7	17,0
31,8	15,0
31,9	17,0
32,0	12,0
32,1	12,0
32,2	15,0
32,3	11,0
32,4	17,0
32,5	15,0
32,6	13,0
32,7	13,0
32,8	10,0
32,9	13,0
33,0	14,0
33,1	14,0
33,2	10,0
33,3	14,0
33,4	15,0
33,5	16,0
33,6	17,0
33,7	13,0
33,8	13,0
33,9	16,0
34,0	14,0
34,1	15,0
34,2	14,0
34,3	18,0
34,4	10,0
34,5	17,0
34,6	13,0
34,7	14,0
34,8	13,0
34,9	12,0
35,0	14,0
35,1	10,0
35,2	9,0
35,3	12,0
35,4	7,0
35,5	12,0
35,6	13,0
35,7	12,0
35,8	19,0
35,9	16,0
36,0	16,0
36,1	12,0
36,2	10,0
36,3	11,0
36,4	12,0
36,5	9,0
36,6	14,0
36,7	11,0
36,8	15,0
36,9	12,0
37,0	9,0
37,1	8,0
37,2	7,0
37,3	9,0
37,4	10,0
37,5	10,0
37,6	7,0
37,7	8,0
37,8	16,0
37,9	14,0
38,0	13,0
38,1	11,0
38,2	11,0
38,3	13,0
38,4	12,0
38,5	11,0
38,6	11,0
38,7	10,0
38,8	6,0
38,9	8,0
39,0	14,0
39,1	12,0
39,2	15,0
39,3	7,0
39,4	11,0
39,5	9,0
39,6	11,0
39,7	10,0
39,8	6,0
39,9	12,0
40,0	6,0
40,1	9,0
40,2	10,0
40,3	10,0
40,4	8,0
40,5	13,0
40,6	6,0
40,7	5,0
40,8	6,0
40,9	5,0
41,0	8,0
41,1	8,0
41,2	9,0
41,3	9,0
41,4	7,0
41,5	8,0
41,6	7,0
41,7	8,0
41,8	10,0
41,9	7,0
42,0	9,0
42,1	6,0
42,2	6,0
42,3	14,0
42,4	10,0
42,5	6,0
42,6	6,0
42,7	9,0
42,8	7,0
42,9	8,0
43,0	5,0
43,1	7,0
43,2	7,0
43,3	9,0
43,4	11,0
43,5	29,0
43,6	31,0
43,7	13,0
43,8	8,0
43,9	11,0
44,0	8,0
44,1	7,0
44,2	5,0
44,3	3,0
44,4	6,0
44,5	11,0
44,6	6,0
44,7	7,0
44,8	9,0
44,9	6,0
45,0	7,0
45,1	6,0
45,2	6,0
45,3	6,0
45,4	7,0
45,5	9,0
45,6	5,0
45,7	8,0
45,8	8,0
45,9	5,0
46,0	6,0
46,1	7,0
46,2	6,0
46,3	6,0
46,4	7,0
46,5	5,0
46,6	6,0
46,7	5,0
46,8	7,0
46,9	11,0
47,0	6,0
47,1	5,0
47,2	11,0
47,3	10,0
47,4	8,0
47,5	7,0
47,6	11,0
47,7	7,0
47,8	11,0
47,9	5,0
48,0	6,0
48,1	8,0
48,2	8,0
48,3	10,0
48,4	18,0
48,5	11,0
48,6	10,0
48,7	14,0
48,8	10,0
48,9	14,0
49,0	19,0
49,1	18,0
49,2	21,0
49,3	32,0
49,4	35,0
49,5	57,0
49,6	130,0
49,7	830,0
49,8	755,0
49,9	457,0
50,0	192,0
50,1	39,0
50,2	24,0
50,3	21,0
50,4	15,0
50,5	19,0
50,6	15,0
50,7	13,0
50,8	10,0
50,9	9,0
51,0	15,0
51,1	12,0
51,2	8,0
51,3	12,0
51,4	12,0
51,5	14,0
51,6	9,0
51,7	7,0
51,8	11,0
51,9	9,0
52,0	9,0
52,1	7,0
52,2	9,0
52,3	7,0
52,4	7,0
52,5	9,0
52,6	4,0
52,7	6,0
52,8	8,0
52,9	10,0
53,0	11,0
53,1	8,0
53,2	8,0
53,3	7,0
53,4	5,0
53,5	5,0
53,6	4,0
53,7	5,0
53,8	9,0
53,9	10,0
54,0	8,0
54,1	5,0
54,2	6,0
54,3	9,0
54,4	5,0
54,5	3,0
54,6	6,0
54,7	7,0
54,8	6,0
54,9	10,0
55,0	10,0
