#Sample	Not specified
RF-Frequency	Timestamp	Photon Counter1 CH A	Photon Counter1 CH B	Photon Counter1 Ratio
Hz	s since 1904-01-01 12amUTC	counts	counts	a.u.
2750000000.00	3840952183.61	1760255.00000	1761219.00000	0.999452651828
2751000000.00	3840952184.91	1775040.00000	1774855.00000	1.00010423387
2752000000.00	3840952186.19	1772666.00000	1771773.00000	1.00050401490
2753000000.00	3840952187.47	1771671.00000	1770616.00000	1.00059583783
2754000000.00	3840952188.76	1764556.00000	1766988.00000	0.998623646567
2755000000.00	3840952190.04	1763535.00000	1763159.00000	1.00021325360
2756000000.00	3840952191.32	1745466.00000	1747925.00000	0.998593189067
2757000000.00	3840952192.60	1762185.00000	1763518.00000	0.999244124528
2758000000.00	3840952193.88	1758571.00000	1758402.00000	1.00009610999
2759000000.00	3840952195.16	1771589.00000	1774652.00000	0.998274027809
2760000000.00	3840952196.44	1764331.00000	1766603.00000	0.998713915917
2761000000.00	3840952197.72	1768203.00000	1767101.00000	1.00062362027
2762000000.00	3840952199.00	1751180.00000	1751183.00000	0.999998286872
2763000000.00	3840952200.28	1760305.00000	1760574.00000	0.999847208922
2764000000.00	3840952201.56	1760310.00000	1762088.00000	0.998990969804
2765000000.00	3840952202.84	1755145.00000	1756530.00000	0.999211513609
2766000000.00	3840952204.12	1755127.00000	1755618.00000	0.999720326404
2767000000.00	3840952205.40	1745320.00000	1747307.00000	0.998862821473
2768000000.00	3840952206.68	1760038.00000	1762855.00000	0.998402023989
2769000000.00	3840952207.95	1756690.00000	1758309.00000	0.999079228964
2770000000.00	3840952209.24	1761005.00000	1758531.00000	1.00140685606
2771000000.00	3840952210.52	1759510.00000	1760448.00000	0.999467181081
2772000000.00	3840952211.80	1767743.00000	1768198.00000	0.999742675877
2773000000.00	3840952213.08	1760374.00000	1762542.00000	0.998769958390
2774000000.00	3840952214.36	1761342.00000	1759354.00000	1.00112996020
2775000000.00	3840952215.64	1764921.00000	1764273.00000	1.00036729010
2776000000.00	3840952216.92	1760489.00000	1761287.00000	0.999546922222
2777000000.00	3840952218.20	1760681.00000	1760813.00000	0.999925034629
2778000000.00	3840952219.48	1765586.00000	1766282.00000	0.999605951937
2779000000.00	3840952220.76	1764270.00000	1765338.00000	0.999395016705
2780000000.00	3840952222.04	1762950.00000	1765459.00000	0.998578839837
2781000000.00	3840952223.33	1751967.00000	1754373.00000	0.998628569865
2782000000.00	3840952224.61	1760844.00000	1764031.00000	0.998193342407
2783000000.00	3840952225.89	1759576.00000	1761621.00000	0.998839137363
2784000000.00	3840952227.17	1757662.00000	1755012.00000	1.00150996119
2785000000.00	3840952228.45	1759959.00000	1761485.00000	0.999133685498
2786000000.00	3840952229.73	1767775.00000	1772259.00000	0.997469895766
2787000000.00	3840952231.01	1765182.00000	1766506.00000	0.999250497875
2788000000.00	3840952232.29	1762645.00000	1766319.00000	0.997919968024
2789000000.00	3840952233.57	1756909.00000	1759567.00000	0.998489401086
2790000000.00	3840952234.85	1754719.00000	1758307.00000	0.997959400719
2791000000.00	3840952236.13	1751750.00000	1755538.00000	0.997842256904
2792000000.00	3840952237.41	1765385.00000	1765319.00000	1.00003738701
2793000000.00	3840952238.69	1766993.00000	1770074.00000	0.998259394805
2794000000.00	3840952239.97	1753710.00000	1758246.00000	0.997420156224
2795000000.00	3840952241.26	1761061.00000	1766785.00000	0.996760217004
2796000000.00	3840952242.54	1763087.00000	1764655.00000	0.999111441047
2797000000.00	3840952243.82	1762558.00000	1767198.00000	0.997374374575
2798000000.00	3840952245.10	1761304.00000	1761825.00000	0.999704283910
2799000000.00	3840952246.38	1757982.00000	1758432.00000	0.999744090189
2800000000.00	3840952247.67	1758286.00000	1761802.00000	0.998004316036
2801000000.00	3840952248.94	1764956.00000	1769850.00000	0.997234793909
2802000000.00	3840952250.21	1761844.00000	1761695.00000	1.00008457764
2803000000.00	3840952251.49	1757755.00000	1758432.00000	0.999614997907
2804000000.00	3840952252.77	1762276.00000	1764290.00000	0.998858464311
2805000000.00	3840952254.05	1760448.00000	1760981.00000	0.999697327796
2806000000.00	3840952255.33	1760289.00000	1760969.00000	0.999613848966
2807000000.00	3840952256.61	1749406.00000	1753308.00000	0.997774492559
2808000000.00	3840952257.89	1756863.00000	1759168.00000	0.998689721505
2809000000.00	3840952259.18	1755162.00000	1757204.00000	0.998837926615
2810000000.00	3840952260.46	1758782.00000	1763781.00000	0.997165747902
2811000000.00	3840952261.74	1752876.00000	1759204.00000	0.996402918593
2812000000.00	3840952263.02	1749599.00000	1756041.00000	0.996331520733
2813000000.00	3840952264.29	1738883.00000	1744234.00000	0.996932177678
2814000000.00	3840952265.57	1765524.00000	1769052.00000	0.998005711534
2815000000.00	3840952266.85	1754104.00000	1761756.00000	0.995656606250
2816000000.00	3840952268.14	1758998.00000	1765652.00000	0.996231420461
2817000000.00	3840952269.42	1748259.00000	1757670.00000	0.994645752616
2818000000.00	3840952270.70	1755705.00000	1767706.00000	0.993210975128
2819000000.00	3840952271.98	1749372.00000	1761436.00000	0.993151042672
2820000000.00	3840952273.26	1749811.00000	1763506.00000	0.992234219787
2821000000.00	3840952274.54	1738726.00000	1755329.00000	0.990541374295
2822000000.00	3840952275.82	1729962.00000	1750238.00000	0.988415289806
2823000000.00	3840952277.11	1726687.00000	1750448.00000	0.986425760720
2824000000.00	3840952278.39	1728561.00000	1753695.00000	0.985667975332
2825000000.00	3840952279.67	1718480.00000	1742479.00000	0.986227093698
2826000000.00	3840952280.95	1710547.00000	1735261.00000	0.985757762089
2827000000.00	3840952282.23	1719234.00000	1748020.00000	0.983532225032
2828000000.00	3840952283.52	1708734.00000	1734099.00000	0.985372807435
2829000000.00	3840952284.80	1716390.00000	1738698.00000	0.987169709748
2830000000.00	3840952286.08	1731496.00000	1750052.00000	0.989396886493
2831000000.00	3840952287.36	1738834.00000	1757696.00000	0.989268906569
2832000000.00	3840952288.63	1730966.00000	1749848.00000	0.989209348469
2833000000.00	3840952289.91	1739140.00000	1755279.00000	0.990805450302
2834000000.00	3840952291.19	1715358.00000	1733310.00000	0.989642937501
2835000000.00	3840952292.46	1729909.00000	1750119.00000	0.988452213821
2836000000.00	3840952293.74	1742365.00000	1763376.00000	0.988084787362
2837000000.00	3840952295.01	1726875.00000	1748161.00000	0.987823775957
2838000000.00	3840952296.28	1738760.00000	1764300.00000	0.985524003854
2839000000.00	3840952297.56	1730909.00000	1755178.00000	0.986172912377
2840000000.00	3840952298.84	1728951.00000	1752185.00000	0.986739984648
2841000000.00	3840952300.12	1732133.00000	1752752.00000	0.988236213680
2842000000.00	3840952301.40	1746418.00000	1763530.00000	0.990296734391
2843000000.00	3840952302.68	1744186.00000	1762430.00000	0.989648383198
2844000000.00	3840952303.96	1743288.00000	1756766.00000	0.992327948059
2845000000.00	3840952305.24	1742198.00000	1760056.00000	0.989853731927
2846000000.00	3840952306.53	1751876.00000	1762735.00000	0.993839686623
2847000000.00	3840952307.80	1741653.00000	1755021.00000	0.992382997127
2848000000.00	3840952309.08	1743645.00000	1755475.00000	0.993261083183
2849000000.00	3840952310.36	1738454.00000	1750201.00000	0.993288199470
2850000000.00	3840952311.63	1735792.00000	1752921.00000	0.990228310346
2851000000.00	3840952312.91	1732473.00000	1749257.00000	0.990405069124
2852000000.00	3840952314.19	1733363.00000	1750805.00000	0.990037725503
2853000000.00	3840952315.47	1741063.00000	1766014.00000	0.985871572932
2854000000.00	3840952316.75	1728172.00000	1751995.00000	0.986402358454
2855000000.00	3840952318.04	1727330.00000	1754551.00000	0.984485489450
2856000000.00	3840952319.32	1736471.00000	1759870.00000	0.986704131555
2857000000.00	3840952320.61	1743439.00000	1768005.00000	0.986105242915
2858000000.00	3840952321.89	1728673.00000	1749244.00000	0.988240062564
2859000000.00	3840952323.17	1750380.00000	1767471.00000	0.990330251529
2860000000.00	3840952324.45	1747685.00000	1762776.00000	0.991439071101
2861000000.00	3840952325.73	1744055.00000	1757685.00000	0.992245481983
2862000000.00	3840952327.01	1740643.00000	1750577.00000	0.994325299601
2863000000.00	3840952328.30	1740050.00000	1750523.00000	0.994017216569
2864000000.00	3840952329.59	1745213.00000	1752852.00000	0.995641959504
2865000000.00	3840952330.87	1743896.00000	1750680.00000	0.996124934311
2866000000.00	3840952332.15	1751600.00000	1758301.00000	0.996188934659
2867000000.00	3840952333.43	1751353.00000	1758340.00000	0.996026365777
2868000000.00	3840952334.71	1754463.00000	1760378.00000	0.996639926198
2869000000.00	3840952336.00	1755798.00000	1762426.00000	0.996239274727
2870000000.00	3840952337.29	1756290.00000	1762159.00000	0.996669426539
2871000000.00	3840952338.57	1751028.00000	1759759.00000	0.995038525162
2872000000.00	3840952339.85	1750914.00000	1757104.00000	0.996477157869
2873000000.00	3840952341.13	1740523.00000	1748078.00000	0.995678110473
2874000000.00	3840952342.41	1748838.00000	1753624.00000	0.997270794652
2875000000.00	3840952343.69	1747443.00000	1756793.00000	0.994677802109
2876000000.00	3840952344.97	1753450.00000	1760849.00000	0.995798049691
2877000000.00	3840952346.26	1744382.00000	1752348.00000	0.995454099300
2878000000.00	3840952347.54	1755060.00000	1765157.00000	0.994279828933
2879000000.00	3840952348.83	1745118.00000	1755867.00000	0.993878237930
2880000000.00	3840952350.12	1741066.00000	1753455.00000	0.992934520703
2881000000.00	3840952351.40	1732008.00000	1743575.00000	0.993365929197
2882000000.00	3840952352.68	1737830.00000	1755484.00000	0.989943514153
2883000000.00	3840952353.96	1737254.00000	1760922.00000	0.986559313814
2884000000.00	3840952355.24	1722487.00000	1746223.00000	0.986407234357
2885000000.00	3840952356.52	1739122.00000	1763160.00000	0.986366523741
2886000000.00	3840952357.80	1720330.00000	1744472.00000	0.986160855548
2887000000.00	3840952359.08	1736163.00000	1760943.00000	0.985927994262
2888000000.00	3840952360.36	1724586.00000	1750875.00000	0.984985221675
2889000000.00	3840952361.64	1716163.00000	1738351.00000	0.987236179575
2890000000.00	3840952362.91	1738939.00000	1755162.00000	0.990756978558
2891000000.00	3840952364.19	1735702.00000	1750293.00000	0.991663681452
2892000000.00	3840952365.48	1735248.00000	1750419.00000	0.991332932286
2893000000.00	3840952366.76	1726032.00000	1743171.00000	0.990167918122
2894000000.00	3840952368.04	1740379.00000	1754971.00000	0.991685332692
2895000000.00	3840952369.32	1736075.00000	1750423.00000	0.991803124159
2896000000.00	3840952370.61	1733003.00000	1747612.00000	0.991640592992
2897000000.00	3840952371.89	1730208.00000	1749218.00000	0.989132286542
2898000000.00	3840952373.18	1729654.00000	1745541.00000	0.990898523724
2899000000.00	3840952374.46	1740518.00000	1762484.00000	0.987536908136
2900000000.00	3840952375.73	1729317.00000	1756531.00000	0.984506962872
2901000000.00	3840952377.02	1731456.00000	1755520.00000	0.986292380605
2902000000.00	3840952378.31	1729898.00000	1754176.00000	0.986159883615
2903000000.00	3840952379.59	1734066.00000	1761557.00000	0.984393919697
2904000000.00	3840952380.87	1724450.00000	1747140.00000	0.987013061346
2905000000.00	3840952382.16	1734989.00000	1756042.00000	0.988011106796
2906000000.00	3840952383.43	1731455.00000	1750758.00000	0.988974489907
2907000000.00	3840952384.73	1727121.00000	1746724.00000	0.988777276776
2908000000.00	3840952386.02	1735174.00000	1751929.00000	0.990436256264
2909000000.00	3840952387.30	1741269.00000	1761062.00000	0.988760759133
2910000000.00	3840952388.58	1733971.00000	1757251.00000	0.986752034854
2911000000.00	3840952389.87	1724248.00000	1750123.00000	0.985215324866
2912000000.00	3840952391.16	1715830.00000	1741562.00000	0.985224758005
2913000000.00	3840952392.45	1726920.00000	1754647.00000	0.984197961185
2914000000.00	3840952393.73	1729387.00000	1757980.00000	0.983735309844
2915000000.00	3840952395.01	1734611.00000	1757989.00000	0.986701850808
2916000000.00	3840952396.28	1740445.00000	1761701.00000	0.987934388412
2917000000.00	3840952397.56	1743427.00000	1759097.00000	0.991092020508
2918000000.00	3840952398.84	1737892.00000	1751977.00000	0.991960510897
2919000000.00	3840952400.12	1744926.00000	1756055.00000	0.993662499181
2920000000.00	3840952401.40	1732690.00000	1744605.00000	0.993170373810
2921000000.00	3840952402.69	1740294.00000	1750292.00000	0.994287810263
2922000000.00	3840952403.97	1750166.00000	1755490.00000	0.996967228523
2923000000.00	3840952405.25	1745234.00000	1748148.00000	0.998333093079
2924000000.00	3840952406.54	1740971.00000	1745100.00000	0.997633946479
2925000000.00	3840952407.82	1749069.00000	1753735.00000	0.997339392782
2926000000.00	3840952409.09	1752355.00000	1758752.00000	0.996362761777
2927000000.00	3840952410.38	1751276.00000	1755091.00000	0.997826323535
2928000000.00	3840952411.66	1755600.00000	1758968.00000	0.998085240891
2929000000.00	3840952412.94	1756266.00000	1762427.00000	0.996504252375
2930000000.00	3840952414.22	1755243.00000	1757470.00000	0.998732837545
2931000000.00	3840952415.50	1757874.00000	1757209.00000	1.00037844104
2932000000.00	3840952416.78	1764778.00000	1767082.00000	0.998696155583
2933000000.00	3840952418.06	1756921.00000	1759273.00000	0.998663084126
2934000000.00	3840952419.34	1749957.00000	1749974.00000	0.999990285570
2935000000.00	3840952420.62	1750584.00000	1755216.00000	0.997361008560
2936000000.00	3840952421.91	1743461.00000	1748908.00000	0.996885485114
2937000000.00	3840952423.19	1750529.00000	1749960.00000	1.00032515029
2938000000.00	3840952424.48	1757110.00000	1760462.00000	0.998095954357
2939000000.00	3840952425.76	1745466.00000	1747623.00000	0.998765752110
2940000000.00	3840952427.04	1753510.00000	1752025.00000	1.00084759065
2941000000.00	3840952428.33	1750194.00000	1751975.00000	0.998983432983
2942000000.00	3840952429.61	1754369.00000	1757018.00000	0.998492331894
2943000000.00	3840952430.89	1745841.00000	1744419.00000	1.00081517113
2944000000.00	3840952432.17	1754448.00000	1754654.00000	0.999882597937
2945000000.00	3840952433.45	1748723.00000	1750579.00000	0.998939779353
2946000000.00	3840952434.73	1756084.00000	1754845.00000	1.00070604526
2947000000.00	3840952436.01	1745935.00000	1748405.00000	0.998587283839
2948000000.00	3840952437.29	1769656.00000	1767066.00000	1.00146570643
2949000000.00	3840952438.57	1754680.00000	1756994.00000	0.998682977859
2950000000.00	3840952439.84	1756722.00000	1758119.00000	0.999205400772
2951000000.00	3840952441.13	1739534.00000	1739702.00000	0.999903431737
2952000000.00	3840952442.42	1747383.00000	1749362.00000	0.998868730429
2953000000.00	3840952443.71	1752438.00000	1754243.00000	0.998971066152
2954000000.00	3840952444.99	1755746.00000	1759865.00000	0.997659479562
2955000000.00	3840952446.27	1766477.00000	1766813.00000	0.999809827073
2956000000.00	3840952447.55	1758450.00000	1759131.00000	0.999612877040
2957000000.00	3840952448.83	1753002.00000	1755596.00000	0.998522439103
2958000000.00	3840952450.11	1751364.00000	1756151.00000	0.997274152394
2959000000.00	3840952451.39	1762748.00000	1763568.00000	0.999535033523
2960000000.00	3840952452.67	1765271.00000	1761297.00000	1.00225629181
2961000000.00	3840952453.94	1759576.00000	1759625.00000	0.999972153158
2962000000.00	3840952455.22	1749827.00000	1750322.00000	0.999717194893
2963000000.00	3840952456.50	1743825.00000	1744817.00000	0.999431459001
2964000000.00	3840952457.78	1757568.00000	1761089.00000	0.998000668904
2965000000.00	3840952459.08	1758799.00000	1760939.00000	0.998784739278
2966000000.00	3840952460.36	1747334.00000	1749102.00000	0.998989195599
2967000000.00	3840952461.65	1742841.00000	1746861.00000	0.997698729321
2968000000.00	3840952462.93	1745752.00000	1748603.00000	0.998369555582
2969000000.00	3840952464.21	1748387.00000	1749921.00000	0.999123388999
2970000000.00	3840952465.49	1752653.00000	1755939.00000	0.998128636587
2971000000.00	3840952466.78	1746396.00000	1747133.00000	0.999578166058
2972000000.00	3840952468.07	1742369.00000	1742932.00000	0.999676981087
2973000000.00	3840952469.36	1750936.00000	1750748.00000	1.00010738267
2974000000.00	3840952470.64	1757919.00000	1757619.00000	1.00017068546
2975000000.00	3840952471.92	1747644.00000	1747842.00000	0.999886717449
2976000000.00	3840952473.20	1748609.00000	1749704.00000	0.999374179861
2977000000.00	3840952474.48	1762942.00000	1764572.00000	0.999076263253
2978000000.00	3840952475.76	1742723.00000	1743976.00000	0.999281526810
2979000000.00	3840952477.04	1752406.00000	1756074.00000	0.997911249754
2980000000.00	3840952478.33	1751345.00000	1751439.00000	0.999946329846
2981000000.00	3840952479.62	1747222.00000	1749010.00000	0.998977707389
2982000000.00	3840952480.90	1750290.00000	1752226.00000	0.998895119693
2983000000.00	3840952482.18	1752274.00000	1752715.00000	0.999748390354
2984000000.00	3840952483.46	1751698.00000	1752988.00000	0.999264113616
2985000000.00	3840952484.74	1741937.00000	1742521.00000	0.999664853393
2986000000.00	3840952486.02	1758846.00000	1758742.00000	1.00005913318
2987000000.00	3840952487.30	1763403.00000	1764688.00000	0.999271825955
2988000000.00	3840952488.60	1756140.00000	1757369.00000	0.999300659110
2989000000.00	3840952489.88	1752170.00000	1751849.00000	1.00018323497
2990000000.00	3840952491.16	1750858.00000	1750303.00000	1.00031708796
2991000000.00	3840952492.44	1746241.00000	1750444.00000	0.997598894909
2992000000.00	3840952493.72	1754640.00000	1754698.00000	0.999966945879
2993000000.00	3840952495.00	1751088.00000	1750698.00000	1.00022276829
2994000000.00	3840952496.29	1745098.00000	1745883.00000	0.999550370787
2995000000.00	3840952497.57	1763428.00000	1762790.00000	1.00036192626
2996000000.00	3840952498.85	1761170.00000	1759731.00000	1.00081773862
2997000000.00	3840952500.13	1750112.00000	1749521.00000	1.00033780675
2998000000.00	3840952501.41	1754016.00000	1753894.00000	1.00006955951
2999000000.00	3840952502.70	1751214.00000	1749556.00000	1.00094766901
3000000000.00	3840952503.98	1753964.00000	1754761.00000	0.999545807093
