Kristallwinkel	Rate bei 35kV mit Al
theta/°	R(35kV)/Imp/s

18,0	26,0
18,1	25,0
18,2	27,0
18,3	33,0
18,4	22,0
18,5	34,0
18,6	30,0
18,7	31,0
18,8	27,0
18,9	25,0
19,0	40,0
19,1	30,0
19,2	24,0
19,3	37,0
19,4	24,0
19,5	28,0
19,6	35,0
19,7	38,0
19,8	41,0
19,9	69,0
20,0	253,0
20,1	689,0
20,2	561,0
20,3	116,0
20,4	53,0
20,5	41,0
20,6	39,0
20,7	39,0
20,8	44,0
20,9	29,0
21,0	30,0
21,1	36,0
21,2	32,0
21,3	38,0
21,4	37,0
21,5	38,0
21,6	37,0
21,7	38,0
21,8	0,0
21,9	33,0
22,0	50,0
22,1	62,0
22,2	157,0
22,3	660,0
22,4	2528,0
22,5	1613,0
22,6	187,0
22,7	56,0
22,8	46,0
22,9	29,0
23,0	33,0
23,1	26,0
23,2	21,0
23,3	24,0
23,4	21,0
23,5	22,0
23,6	25,0
23,7	20,0
23,8	21,0
23,9	18,0
24,0	18,0
