Kristallwinkel	Rate bei 35kV mit Al
theta/°	R(35kV)/Imp/s

18,0	31,0
18,1	30,0
18,2	31,0
18,3	35,0
18,4	33,0
18,5	42,0
18,6	36,0
18,7	36,0
18,8	37,0
18,9	33,0
19,0	28,0
19,1	29,0
19,2	30,0
19,3	30,0
19,4	28,0
19,5	32,0
19,6	30,0
19,7	31,0
19,8	38,0
19,9	74,0
20,0	273,0
20,1	651,0
20,2	538,0
20,3	121,0
20,4	63,0
20,5	49,0
20,6	34,0
20,7	0,0
20,8	38,0
20,9	32,0
21,0	35,0
21,1	36,0
21,2	28,0
21,3	39,0
21,4	31,0
21,5	35,0
21,6	33,0
21,7	34,0
21,8	35,0
21,9	40,0
22,0	56,0
22,1	65,0
22,2	184,0
22,3	725,0
22,4	2563,0
22,5	1562,0
22,6	172,0
22,7	53,0
22,8	40,0
22,9	36,0
23,0	26,0
23,1	26,0
23,2	25,0
23,3	27,0
23,4	22,0
23,5	24,0
23,6	26,0
23,7	27,0
23,8	24,0
23,9	18,0
24,0	19,0
