Kristallwinkel	Rate bei 35kV mit Al
theta/°	R(35kV)/Imp/s

3,0	426,0
3,1	392,0
3,2	363,0
3,3	294,0
3,4	279,0
3,5	231,0
3,6	215,0
3,7	186,0
3,8	142,0
3,9	139,0
4,0	102,0
4,1	114,0
4,2	86,0
4,3	82,0
4,4	63,0
4,5	74,0
4,6	69,0
4,7	69,0
4,8	63,0
4,9	62,0
5,0	56,0
5,1	61,0
5,2	62,0
5,3	64,0
5,4	74,0
5,5	63,0
5,6	75,0
5,7	90,0
5,8	72,0
5,9	96,0
6,0	81,0
6,1	97,0
6,2	100,0
6,3	96,0
6,4	106,0
6,5	98,0
6,6	90,0
6,7	102,0
6,8	114,0
6,9	123,0
7,0	114,0
7,1	100,0
7,2	108,0
7,3	110,0
7,4	108,0
7,5	116,0
7,6	114,0
7,7	128,0
7,8	129,0
7,9	104,0
8,0	124,0
8,1	125,0
8,2	99,0
8,3	121,0
8,4	114,0
8,5	120,0
8,6	117,0
8,7	122,0
8,8	117,0
8,9	124,0
9,0	126,0
9,1	131,0
9,2	122,0
9,3	128,0
9,4	123,0
9,5	144,0
9,6	126,0
9,7	129,0
9,8	125,0
9,9	128,0
10,0	132,0
10,1	149,0
10,2	134,0
10,3	144,0
10,4	144,0
10,5	139,0
10,6	159,0
10,7	136,0
10,8	144,0
10,9	156,0
11,0	153,0
11,1	159,0
11,2	146,0
11,3	165,0
11,4	164,0
11,5	164,0
11,6	191,0
11,7	162,0
11,8	191,0
11,9	181,0
12,0	179,0
12,1	160,0
12,2	180,0
12,3	185,0
12,4	176,0
12,5	182,0
12,6	163,0
12,7	171,0
12,8	175,0
12,9	185,0
13,0	183,0
13,1	174,0
13,2	154,0
13,3	151,0
13,4	142,0
13,5	149,0
13,6	154,0
13,7	159,0
13,8	139,0
13,9	161,0
14,0	170,0
14,1	154,0
14,2	160,0
14,3	158,0
14,4	161,0
14,5	164,0
14,6	137,0
14,7	162,0
14,8	148,0
14,9	154,0
15,0	164,0
15,1	156,0
15,2	138,0
15,3	144,0
15,4	146,0
15,5	139,0
15,6	167,0
15,7	138,0
15,8	143,0
15,9	138,0
16,0	141,0
16,1	133,0
16,2	144,0
16,3	132,0
16,4	125,0
16,5	127,0
16,6	134,0
16,7	136,0
16,8	124,0
16,9	103,0
17,0	122,0
17,1	117,0
17,2	113,0
17,3	128,0
17,4	124,0
17,5	111,0
17,6	109,0
17,7	110,0
17,8	116,0
17,9	131,0
18,0	100,0
18,1	100,0
18,2	117,0
18,3	100,0
18,4	113,0
18,5	95,0
18,6	109,0
18,7	106,0
18,8	98,0
18,9	96,0
19,0	88,0
19,1	99,0
19,2	101,0
19,3	126,0
19,4	109,0
19,5	92,0
19,6	96,0
19,7	99,0
19,8	117,0
19,9	199,0
20,0	558,0
20,1	1770,0
20,2	1651,0
20,3	503,0
20,4	170,0
20,5	160,0
20,6	155,0
20,7	125,0
20,8	129,0
20,9	106,0
21,0	130,0
21,1	108,0
21,2	113,0
21,3	121,0
21,4	124,0
21,5	112,0
21,6	113,0
21,7	120,0
21,8	130,0
21,9	156,0
22,0	179,0
22,1	225,0
22,2	423,0
22,3	1366,0
22,4	6055,0
22,5	4682,0
22,6	723,0
22,7	236,0
22,8	156,0
22,9	112,0
23,0	100,0
23,1	88,0
23,2	86,0
23,3	89,0
23,4	85,0
23,5	77,0
23,6	70,0
23,7	61,0
23,8	62,0
23,9	68,0
24,0	65,0
24,1	61,0
24,2	71,0
24,3	68,0
24,4	63,0
24,5	58,0
24,6	58,0
24,7	70,0
24,8	61,0
24,9	55,0
25,0	56,0
25,1	58,0
25,2	54,0
25,3	60,0
25,4	54,0
25,5	58,0
25,6	51,0
25,7	59,0
25,8	54,0
25,9	55,0
26,0	42,0
26,1	45,0
26,2	54,0
26,3	40,0
26,4	44,0
26,5	48,0
26,6	47,0
26,7	38,0
26,8	36,0
26,9	47,0
27,0	38,0
27,1	40,0
27,2	37,0
27,3	34,0
27,4	42,0
27,5	38,0
27,6	33,0
27,7	40,0
27,8	33,0
27,9	39,0
28,0	30,0
28,1	26,0
28,2	34,0
28,3	39,0
28,4	34,0
28,5	39,0
28,6	28,0
28,7	38,0
28,8	31,0
28,9	27,0
29,0	31,0
29,1	31,0
29,2	29,0
29,3	37,0
29,4	28,0
29,5	31,0
29,6	26,0
29,7	32,0
29,8	26,0
29,9	25,0
30,0	25,0
30,1	31,0
30,2	26,0
30,3	26,0
30,4	26,0
30,5	25,0
30,6	25,0
30,7	24,0
30,8	28,0
30,9	27,0
31,0	27,0
31,1	26,0
31,2	22,0
31,3	23,0
31,4	28,0
31,5	27,0
31,6	27,0
31,7	27,0
31,8	22,0
31,9	27,0
32,0	30,0
32,1	17,0
32,2	27,0
32,3	15,0
32,4	22,0
32,5	18,0
32,6	20,0
32,7	20,0
32,8	24,0
32,9	20,0
33,0	26,0
33,1	24,0
33,2	15,0
33,3	22,0
33,4	24,0
33,5	16,0
33,6	21,0
33,7	24,0
33,8	19,0
33,9	20,0
34,0	24,0
34,1	17,0
34,2	17,0
34,3	20,0
34,4	13,0
34,5	16,0
34,6	21,0
34,7	20,0
34,8	29,0
34,9	22,0
35,0	21,0
35,1	15,0
35,2	23,0
35,3	27,0
35,4	25,0
35,5	21,0
35,6	21,0
35,7	24,0
35,8	10,0
35,9	18,0
36,0	19,0
36,1	12,0
36,2	17,0
36,3	17,0
36,4	21,0
36,5	13,0
36,6	17,0
36,7	20,0
36,8	19,0
36,9	12,0
37,0	16,0
37,1	19,0
37,2	23,0
37,3	20,0
37,4	18,0
37,5	13,0
37,6	22,0
37,7	16,0
37,8	17,0
37,9	18,0
38,0	14,0
38,1	16,0
38,2	15,0
38,3	23,0
38,4	19,0
38,5	22,0
38,6	18,0
38,7	16,0
38,8	14,0
38,9	15,0
39,0	17,0
39,1	14,0
39,2	17,0
39,3	15,0
39,4	17,0
39,5	0,0
39,6	21,0
39,7	21,0
39,8	19,0
39,9	16,0
40,0	21,0
40,1	18,0
40,2	15,0
40,3	16,0
40,4	18,0
40,5	15,0
40,6	17,0
40,7	17,0
40,8	15,0
40,9	12,0
41,0	11,0
41,1	19,0
41,2	14,0
41,3	16,0
41,4	11,0
41,5	15,0
41,6	9,0
41,7	15,0
41,8	12,0
41,9	14,0
42,0	15,0
42,1	20,0
42,2	15,0
42,3	15,0
42,4	15,0
42,5	17,0
42,6	16,0
42,7	16,0
42,8	18,0
42,9	15,0
43,0	19,0
43,1	19,0
43,2	29,0
43,3	30,0
43,4	42,0
43,5	66,0
43,6	217,0
43,7	296,0
43,8	76,0
43,9	30,0
44,0	23,0
44,1	27,0
44,2	20,0
44,3	21,0
44,4	18,0
44,5	16,0
44,6	19,0
44,7	23,0
44,8	15,0
44,9	16,0
45,0	17,0
45,1	15,0
45,2	10,0
45,3	12,0
45,4	13,0
45,5	19,0
45,6	12,0
45,7	16,0
45,8	13,0
45,9	15,0
46,0	14,0
46,1	17,0
46,2	23,0
46,3	12,0
46,4	10,0
46,5	11,0
46,6	15,0
46,7	15,0
46,8	15,0
46,9	10,0
47,0	16,0
47,1	12,0
47,2	10,0
47,3	16,0
47,4	19,0
47,5	14,0
47,6	11,0
47,7	17,0
47,8	17,0
47,9	17,0
48,0	18,0
48,1	15,0
48,2	13,0
48,3	16,0
48,4	17,0
48,5	19,0
48,6	27,0
48,7	22,0
48,8	23,0
48,9	24,0
49,0	21,0
49,1	24,0
49,2	30,0
49,3	38,0
49,4	42,0
49,5	53,0
49,6	79,0
49,7	460,0
49,8	1158,0
49,9	1118,0
50,0	679,0
50,1	279,0
50,2	56,0
50,3	40,0
50,4	29,0
50,5	31,0
50,6	27,0
50,7	26,0
50,8	24,0
50,9	22,0
51,0	17,0
51,1	16,0
51,2	17,0
51,3	19,0
51,4	15,0
51,5	17,0
51,6	13,0
51,7	19,0
51,8	17,0
51,9	13,0
52,0	15,0
52,1	13,0
52,2	18,0
52,3	16,0
52,4	13,0
52,5	13,0
52,6	10,0
52,7	18,0
52,8	16,0
52,9	15,0
53,0	16,0
53,1	16,0
53,2	13,0
53,3	12,0
53,4	4,0
53,5	9,0
53,6	12,0
53,7	14,0
53,8	14,0
53,9	14,0
54,0	12,0
54,1	17,0
54,2	14,0
54,3	14,0
54,4	17,0
54,5	18,0
54,6	14,0
54,7	11,0
54,8	0,0
54,9	10,0
55,0	19,0
