Kristallwinkel	Rate bei 35kV mit Al
theta/°	R(35kV)/Imp/s

42,0	2,0
42,1	4,0
42,2	3,0
42,3	4,0
42,4	3,0
42,5	2,0
42,6	3,0
42,7	3,0
42,8	6,0
42,9	4,0
43,0	4,0
43,1	3,0
43,2	11,0
43,3	9,0
43,4	13,0
43,5	32,0
43,6	80,0
43,7	112,0
43,8	25,0
43,9	11,0
44,0	6,0
44,1	6,0
44,2	5,0
44,3	4,0
44,4	2,0
44,5	4,0
44,6	6,0
44,7	4,0
44,8	3,0
44,9	6,0
45,0	5,0
45,1	6,0
45,2	3,0
45,3	3,0
45,4	2,0
45,5	3,0
45,6	5,0
45,7	7,0
45,8	4,0
45,9	3,0
46,0	5,0
46,1	4,0
46,2	5,0
46,3	6,0
46,4	3,0
46,5	3,0
46,6	7,0
46,7	4,0
46,8	6,0
46,9	5,0
47,0	4,0
47,1	5,0
47,2	5,0
47,3	4,0
47,4	5,0
47,5	4,0
47,6	4,0
47,7	3,0
47,8	6,0
47,9	5,0
48,0	5,0
48,1	5,0
48,2	7,0
48,3	6,0
48,4	5,0
48,5	4,0
48,6	3,0
48,7	4,0
48,8	6,0
48,9	8,0
49,0	8,0
49,1	9,0
49,2	10,0
49,3	8,0
49,4	13,0
49,5	19,0
49,6	24,0
49,7	214,0
49,8	483,0
49,9	429,0
50,0	269,0
50,1	86,0
50,2	18,0
50,3	11,0
50,4	9,0
50,5	6,0
50,6	6,0
50,7	6,0
50,8	8,0
50,9	3,0
51,0	9,0
51,1	4,0
51,2	4,0
51,3	3,0
51,4	7,0
51,5	2,0
51,6	6,0
51,7	5,0
51,8	4,0
51,9	6,0
52,0	1,0
52,1	3,0
52,2	3,0
52,3	3,0
52,4	5,0
52,5	3,0
52,6	5,0
52,7	2,0
52,8	6,0
52,9	6,0
53,0	2,0
