Kristallwinkel	Rate bei 11kV mit Al	Rate bei 13kV mit Al	Rate bei 15kV mit Al	Rate bei 17kV mit Al	Rate bei 19kV mit Al	Rate bei 21kV mit Al	Rate bei 23kV mit Al	Rate bei 25kV mit Al	Rate bei 27kV mit Al	Rate bei 29kV mit Al	Rate bei 31kV mit Al	Rate bei 33kV mit Al	Rate bei 35kV mit Al
theta/°	R(11kV)/Imp/s	R(13kV)/Imp/s	R(15kV)/Imp/s	R(17kV)/Imp/s	R(19kV)/Imp/s	R(21kV)/Imp/s	R(23kV)/Imp/s	R(25kV)/Imp/s	R(27kV)/Imp/s	R(29kV)/Imp/s	R(31kV)/Imp/s	R(33kV)/Imp/s	R(35kV)/Imp/s

3,0	0,0	0,0	0,0	0,0	1,0	3,0	6,0	10,0	18,0	28,0	42,0	62,0	102,0
3,1	1,0	0,0	2,0	1,0	0,0	1,0	3,0	11,0	17,0	30,0	41,0	55,0	86,0
3,2	0,0	0,0	0,0	2,0	1,0	1,0	4,0	9,0	9,0	23,0	32,0	43,0	73,0
3,3	0,0	1,0	0,0	0,0	1,0	1,0	4,0	4,0	11,0	21,0	27,0	47,0	65,0
3,4	1,0	0,0	0,0	0,0	3,0	4,0	3,0	2,0	8,0	14,0	18,0	29,0	53,0
3,5	0,0	0,0	1,0	0,0	0,0	2,0	1,0	5,0	6,0	13,0	22,0	25,0	41,0
3,6	0,0	0,0	0,0	2,0	1,0	0,0	2,0	2,0	6,0	10,0	12,0	26,0	34,0
3,7	0,0	0,0	0,0	1,0	2,0	3,0	3,0	4,0	9,0	8,0	17,0	17,0	25,0
3,8	0,0	0,0	1,0	0,0	3,0	1,0	3,0	1,0	6,0	8,0	12,0	15,0	22,0
3,9	0,0	0,0	1,0	1,0	1,0	1,0	3,0	5,0	3,0	6,0	17,0	13,0	24,0
4,0	1,0	0,0	1,0	2,0	2,0	3,0	2,0	4,0	3,0	6,0	6,0	12,0	14,0
4,1	0,0	0,0	0,0	1,0	1,0	1,0	1,0	1,0	5,0	4,0	7,0	15,0	14,0
4,2	0,0	0,0	0,0	0,0	0,0	0,0	2,0	2,0	3,0	4,0	4,0	13,0	16,0
4,3	0,0	1,0	1,0	1,0	2,0	0,0	2,0	4,0	3,0	5,0	9,0	14,0	13,0
4,4	0,0	0,0	0,0	0,0	1,0	1,0	2,0	2,0	6,0	7,0	7,0	9,0	10,0
4,5	0,0	0,0	0,0	1,0	2,0	1,0	4,0	3,0	2,0	4,0	6,0	10,0	16,0
4,6	0,0	0,0	0,0	0,0	2,0	1,0	3,0	3,0	3,0	6,0	6,0	12,0	12,0
4,7	0,0	1,0	1,0	0,0	2,0	0,0	2,0	3,0	5,0	5,0	11,0	10,0	14,0
4,8	0,0	0,0	1,0	0,0	0,0	3,0	2,0	4,0	5,0	4,0	10,0	10,0	20,0
4,9	0,0	0,0	0,0	1,0	0,0	2,0	2,0	3,0	4,0	9,0	12,0	14,0	20,0
5,0	0,0	0,0	2,0	0,0	1,0	1,0	3,0	6,0	2,0	8,0	6,0	11,0	15,0
5,1	0,0	0,0	0,0	1,0	1,0	1,0	1,0	4,0	6,0	5,0	8,0	8,0	25,0
5,2	0,0	0,0	0,0	0,0	2,0	1,0	3,0	1,0	3,0	7,0	10,0	13,0	17,0
5,3	0,0	0,0	0,0	1,0	2,0	1,0	0,0	2,0	4,0	5,0	8,0	12,0	27,0
5,4	0,0	0,0	1,0	1,0	1,0	1,0	2,0	2,0	6,0	7,0	7,0	16,0	29,0
5,5	0,0	1,0	0,0	2,0	1,0	1,0	3,0	3,0	3,0	6,0	9,0	21,0	29,0
5,6	0,0	0,0	0,0	2,0	1,0	0,0	1,0	5,0	2,0	5,0	10,0	24,0	34,0
5,7	0,0	0,0	1,0	1,0	0,0	3,0	4,0	4,0	4,0	6,0	13,0	22,0	34,0
5,8	1,0	1,0	1,0	1,0	0,0	1,0	4,0	3,0	5,0	3,0	15,0	32,0	37,0
5,9	1,0	0,0	0,0	1,0	2,0	1,0	2,0	4,0	6,0	9,0	16,0	30,0	39,0
6,0	0,0	1,0	0,0	0,0	1,0	1,0	3,0	3,0	7,0	9,0	24,0	27,0	37,0
6,1	0,0	0,0	1,0	0,0	3,0	2,0	4,0	4,0	8,0	11,0	24,0	34,0	50,0
6,2	0,0	0,0	0,0	1,0	1,0	2,0	3,0	3,0	4,0	12,0	23,0	37,0	40,0
6,3	0,0	0,0	0,0	2,0	0,0	1,0	2,0	5,0	6,0	13,0	27,0	40,0	57,0
6,4	0,0	0,0	0,0	0,0	0,0	4,0	3,0	6,0	3,0	11,0	24,0	31,0	49,0
6,5	0,0	0,0	0,0	0,0	1,0	2,0	4,0	5,0	8,0	16,0	28,0	39,0	55,0
6,6	1,0	0,0	1,0	1,0	1,0	2,0	1,0	5,0	7,0	22,0	35,0	42,0	58,0
6,7	0,0	1,0	1,0	0,0	1,0	0,0	4,0	4,0	12,0	25,0	35,0	44,0	42,0
6,8	0,0	0,0	1,0	0,0	1,0	2,0	3,0	3,0	13,0	25,0	32,0	46,0	56,0
6,9	0,0	0,0	0,0	0,0	0,0	3,0	3,0	5,0	11,0	25,0	35,0	47,0	57,0
7,0	0,0	0,0	0,0	0,0	2,0	1,0	4,0	7,0	13,0	16,0	39,0	46,0	55,0
7,1	0,0	0,0	1,0	4,0	0,0	1,0	5,0	6,0	16,0	23,0	39,0	48,0	58,0
7,2	0,0	1,0	0,0	0,0	1,0	2,0	2,0	7,0	17,0	26,0	38,0	50,0	60,0
7,3	0,0	0,0	1,0	0,0	0,0	2,0	3,0	12,0	16,0	25,0	41,0	54,0	61,0
7,4	0,0	0,0	1,0	1,0	2,0	1,0	3,0	9,0	18,0	32,0	39,0	53,0	56,0
7,5	0,0	0,0	2,0	0,0	1,0	1,0	6,0	16,0	19,0	25,0	39,0	59,0	54,0
7,6	0,0	0,0	1,0	2,0	1,0	3,0	5,0	13,0	23,0	28,0	41,0	50,0	60,0
7,7	0,0	0,0	0,0	0,0	1,0	2,0	3,0	16,0	19,0	31,0	41,0	56,0	68,0
7,8	0,0	0,0	1,0	2,0	1,0	3,0	5,0	18,0	24,0	35,0	46,0	49,0	56,0
7,9	0,0	0,0	1,0	1,0	2,0	3,0	9,0	20,0	27,0	37,0	52,0	50,0	71,0
8,0	0,0	1,0	1,0	0,0	1,0	3,0	11,0	24,0	27,0	38,0	43,0	50,0	70,0
8,1	0,0	0,0	1,0	2,0	1,0	4,0	11,0	22,0	23,0	37,0	48,0	55,0	56,0
8,2	0,0	0,0	0,0	1,0	2,0	3,0	12,0	23,0	26,0	38,0	48,0	53,0	58,0
8,3	0,0	0,0	2,0	1,0	2,0	4,0	15,0	18,0	35,0	39,0	43,0	56,0	69,0
8,4	0,0	2,0	0,0	2,0	1,0	7,0	18,0	22,0	27,0	34,0	51,0	58,0	52,0
8,5	0,0	0,0	0,0	0,0	1,0	8,0	14,0	19,0	31,0	41,0	44,0	69,0	61,0
8,6	0,0	1,0	0,0	0,0	1,0	7,0	17,0	23,0	33,0	32,0	48,0	52,0	57,0
8,7	0,0	0,0	0,0	0,0	2,0	6,0	20,0	24,0	31,0	42,0	34,0	63,0	68,0
8,8	0,0	0,0	0,0	1,0	2,0	12,0	27,0	23,0	28,0	43,0	55,0	48,0	65,0
8,9	0,0	0,0	2,0	1,0	0,0	9,0	19,0	29,0	33,0	37,0	55,0	61,0	65,0
9,0	0,0	1,0	0,0	1,0	1,0	7,0	17,0	24,0	33,0	35,0	48,0	60,0	68,0
9,1	0,0	0,0	0,0	2,0	1,0	12,0	20,0	22,0	36,0	40,0	46,0	67,0	61,0
9,2	1,0	0,0	1,0	0,0	4,0	12,0	16,0	31,0	25,0	43,0	46,0	55,0	59,0
9,3	0,0	0,0	1,0	1,0	6,0	14,0	24,0	33,0	34,0	43,0	49,0	69,0	58,0
9,4	0,0	0,0	2,0	0,0	2,0	14,0	19,0	29,0	38,0	44,0	58,0	61,0	65,0
9,5	0,0	0,0	1,0	2,0	5,0	11,0	23,0	26,0	30,0	45,0	53,0	64,0	70,0
9,6	0,0	0,0	0,0	1,0	7,0	13,0	19,0	31,0	33,0	36,0	43,0	66,0	63,0
9,7	1,0	0,0	0,0	2,0	6,0	14,0	25,0	27,0	36,0	44,0	56,0	60,0	81,0
9,8	0,0	0,0	0,0	2,0	3,0	16,0	27,0	34,0	41,0	41,0	50,0	69,0	69,0
9,9	0,0	0,0	1,0	1,0	9,0	16,0	22,0	28,0	28,0	50,0	49,0	51,0	74,0
10,0	0,0	1,0	1,0	0,0	8,0	16,0	29,0	22,0	35,0	37,0	42,0	53,0	66,0
10,1	1,0	1,0	1,0	1,0	5,0	18,0	20,0	39,0	38,0	42,0	46,0	56,0	81,0
10,2	0,0	1,0	0,0	0,0	7,0	24,0	27,0	39,0	40,0	42,0	50,0	55,0	57,0
10,3	1,0	1,0	1,0	1,0	6,0	16,0	21,0	33,0	42,0	47,0	46,0	65,0	56,0
10,4	0,0	0,0	1,0	2,0	12,0	15,0	28,0	29,0	36,0	46,0	44,0	52,0	74,0
10,5	0,0	0,0	0,0	5,0	13,0	20,0	22,0	32,0	45,0	42,0	47,0	55,0	57,0
10,6	0,0	0,0	1,0	4,0	7,0	20,0	26,0	27,0	41,0	45,0	51,0	48,0	63,0
10,7	1,0	0,0	0,0	5,0	13,0	24,0	26,0	30,0	39,0	43,0	44,0	58,0	69,0
10,8	0,0	0,0	0,0	7,0	14,0	19,0	26,0	38,0	43,0	41,0	56,0	53,0	75,0
10,9	0,0	1,0	0,0	3,0	14,0	25,0	27,0	27,0	31,0	43,0	59,0	62,0	53,0
11,0	0,0	0,0	0,0	7,0	13,0	22,0	28,0	31,0	33,0	42,0	44,0	58,0	72,0
11,1	0,0	0,0	1,0	5,0	13,0	17,0	22,0	30,0	37,0	42,0	49,0	69,0	70,0
11,2	1,0	0,0	0,0	10,0	11,0	23,0	21,0	32,0	35,0	42,0	46,0	60,0	76,0
11,3	0,0	1,0	0,0	10,0	19,0	21,0	29,0	29,0	39,0	57,0	50,0	56,0	58,0
11,4	1,0	0,0	1,0	7,0	16,0	23,0	31,0	36,0	39,0	49,0	47,0	63,0	60,0
11,5	0,0	0,0	1,0	4,0	20,0	20,0	27,0	31,0	37,0	50,0	50,0	54,0	66,0
11,6	0,0	0,0	0,0	10,0	15,0	21,0	22,0	30,0	37,0	42,0	52,0	57,0	60,0
11,7	0,0	0,0	2,0	9,0	13,0	22,0	29,0	32,0	37,0	42,0	52,0	51,0	77,0
11,8	0,0	0,0	3,0	9,0	16,0	22,0	32,0	32,0	39,0	45,0	39,0	59,0	61,0
11,9	1,0	0,0	2,0	12,0	15,0	22,0	24,0	36,0	42,0	39,0	56,0	62,0	68,0
12,0	0,0	0,0	5,0	9,0	18,0	21,0	25,0	36,0	34,0	52,0	41,0	61,0	75,0
12,1	0,0	0,0	3,0	10,0	15,0	22,0	24,0	24,0	32,0	38,0	54,0	54,0	68,0
12,2	0,0	1,0	4,0	11,0	15,0	22,0	24,0	32,0	43,0	40,0	66,0	60,0	64,0
12,3	0,0	0,0	6,0	9,0	19,0	22,0	32,0	26,0	36,0	42,0	49,0	53,0	68,0
12,4	0,0	0,0	6,0	9,0	11,0	21,0	30,0	36,0	38,0	41,0	45,0	52,0	68,0
12,5	0,0	0,0	7,0	17,0	22,0	23,0	36,0	31,0	35,0	45,0	59,0	59,0	66,0
12,6	0,0	0,0	4,0	10,0	14,0	28,0	22,0	35,0	35,0	34,0	47,0	66,0	70,0
12,7	0,0	0,0	9,0	14,0	18,0	20,0	31,0	31,0	42,0	41,0	55,0	53,0	65,0
12,8	1,0	0,0	6,0	14,0	20,0	19,0	22,0	34,0	43,0	43,0	47,0	54,0	63,0
12,9	0,0	0,0	8,0	7,0	18,0	22,0	27,0	29,0	38,0	43,0	47,0	56,0	55,0
13,0	0,0	1,0	7,0	12,0	15,0	18,0	30,0	28,0	36,0	51,0	46,0	52,0	57,0
13,1	0,0	0,0	7,0	11,0	15,0	14,0	25,0	31,0	29,0	37,0	44,0	51,0	54,0
13,2	0,0	1,0	5,0	13,0	18,0	16,0	25,0	31,0	33,0	37,0	47,0	53,0	60,0
13,3	0,0	0,0	8,0	7,0	21,0	16,0	20,0	31,0	37,0	35,0	40,0	48,0	51,0
13,4	0,0	0,0	6,0	10,0	15,0	15,0	22,0	25,0	24,0	36,0	49,0	44,0	52,0
13,5	0,0	0,0	5,0	7,0	13,0	20,0	26,0	24,0	26,0	37,0	40,0	42,0	60,0
13,6	0,0	1,0	10,0	16,0	15,0	19,0	22,0	24,0	27,0	39,0	43,0	45,0	55,0
13,7	0,0	1,0	6,0	13,0	14,0	19,0	21,0	19,0	27,0	44,0	35,0	41,0	50,0
13,8	0,0	1,0	9,0	10,0	17,0	15,0	21,0	23,0	33,0	29,0	36,0	44,0	42,0
13,9	0,0	2,0	8,0	12,0	13,0	17,0	18,0	20,0	33,0	26,0	45,0	45,0	55,0
14,0	0,0	2,0	8,0	11,0	15,0	18,0	22,0	25,0	36,0	33,0	42,0	46,0	45,0
14,1	0,0	2,0	8,0	9,0	15,0	18,0	19,0	23,0	37,0	32,0	37,0	40,0	52,0
14,2	0,0	0,0	8,0	11,0	16,0	25,0	23,0	32,0	39,0	34,0	43,0	48,0	46,0
14,3	0,0	1,0	8,0	10,0	16,0	20,0	26,0	30,0	29,0	35,0	35,0	48,0	53,0
14,4	0,0	4,0	3,0	13,0	19,0	17,0	20,0	24,0	34,0	28,0	46,0	40,0	48,0
14,5	0,0	3,0	7,0	12,0	17,0	19,0	21,0	20,0	32,0	35,0	38,0	42,0	53,0
14,6	0,0	3,0	8,0	13,0	19,0	15,0	20,0	28,0	22,0	31,0	47,0	47,0	43,0
14,7	0,0	2,0	10,0	13,0	16,0	20,0	15,0	22,0	35,0	26,0	40,0	45,0	45,0
14,8	0,0	0,0	11,0	9,0	16,0	17,0	24,0	25,0	31,0	30,0	34,0	43,0	46,0
14,9	0,0	5,0	4,0	7,0	15,0	14,0	22,0	22,0	37,0	34,0	33,0	35,0	49,0
15,0	0,0	3,0	8,0	10,0	16,0	15,0	27,0	31,0	32,0	26,0	36,0	37,0	49,0
15,1	0,0	5,0	5,0	11,0	20,0	17,0	15,0	29,0	34,0	38,0	40,0	42,0	43,0
15,2	0,0	3,0	10,0	16,0	17,0	17,0	19,0	26,0	30,0	28,0	35,0	45,0	44,0
15,3	0,0	3,0	7,0	8,0	19,0	15,0	20,0	23,0	25,0	38,0	42,0	43,0	49,0
15,4	0,0	6,0	6,0	14,0	19,0	17,0	13,0	20,0	26,0	33,0	38,0	35,0	45,0
15,5	0,0	8,0	5,0	11,0	15,0	18,0	18,0	21,0	27,0	32,0	37,0	42,0	45,0
15,6	0,0	6,0	5,0	9,0	14,0	15,0	18,0	24,0	27,0	34,0	30,0	43,0	50,0
15,7	0,0	4,0	8,0	12,0	12,0	22,0	18,0	22,0	24,0	34,0	35,0	37,0	38,0
15,8	0,0	6,0	5,0	9,0	11,0	13,0	22,0	25,0	27,0	31,0	43,0	43,0	47,0
15,9	1,0	4,0	6,0	12,0	14,0	16,0	15,0	25,0	29,0	28,0	40,0	43,0	39,0
16,0	0,0	5,0	4,0	11,0	15,0	15,0	23,0	21,0	27,0	35,0	36,0	45,0	37,0
16,1	0,0	4,0	9,0	11,0	15,0	17,0	19,0	17,0	29,0	36,0	29,0	33,0	38,0
16,2	1,0	2,0	9,0	10,0	8,0	18,0	12,0	28,0	21,0	31,0	33,0	35,0	43,0
16,3	0,0	5,0	12,0	15,0	15,0	19,0	16,0	19,0	25,0	27,0	34,0	39,0	46,0
16,4	1,0	8,0	9,0	8,0	11,0	18,0	20,0	20,0	25,0	31,0	38,0	45,0	40,0
16,5	1,0	8,0	7,0	13,0	17,0	17,0	22,0	20,0	32,0	26,0	40,0	32,0	33,0
16,6	1,0	5,0	9,0	14,0	14,0	15,0	22,0	27,0	23,0	32,0	33,0	37,0	39,0
16,7	1,0	6,0	8,0	13,0	14,0	19,0	15,0	22,0	25,0	26,0	37,0	30,0	31,0
16,8	1,0	5,0	10,0	9,0	12,0	15,0	20,0	17,0	22,0	24,0	35,0	31,0	29,0
16,9	3,0	7,0	9,0	9,0	10,0	19,0	20,0	25,0	21,0	22,0	29,0	35,0	39,0
17,0	1,0	6,0	9,0	11,0	12,0	15,0	19,0	21,0	20,0	27,0	26,0	33,0	26,0
17,1	1,0	3,0	5,0	11,0	15,0	15,0	20,0	17,0	24,0	28,0	27,0	31,0	37,0
17,2	2,0	6,0	8,0	9,0	13,0	14,0	14,0	16,0	24,0	29,0	26,0	37,0	36,0
17,3	1,0	2,0	9,0	9,0	15,0	17,0	20,0	23,0	24,0	29,0	30,0	32,0	31,0
17,4	2,0	3,0	8,0	7,0	13,0	12,0	16,0	21,0	20,0	23,0	24,0	28,0	35,0
17,5	2,0	5,0	8,0	8,0	8,0	20,0	16,0	16,0	24,0	22,0	26,0	30,0	35,0
17,6	0,0	5,0	8,0	11,0	17,0	14,0	15,0	25,0	24,0	26,0	24,0	24,0	27,0
17,7	3,0	4,0	6,0	12,0	13,0	11,0	10,0	18,0	17,0	25,0	30,0	23,0	28,0
17,8	2,0	4,0	6,0	11,0	13,0	14,0	16,0	21,0	23,0	23,0	27,0	29,0	36,0
17,9	2,0	5,0	7,0	7,0	18,0	11,0	13,0	12,0	21,0	24,0	26,0	27,0	33,0
18,0	1,0	4,0	9,0	10,0	9,0	17,0	19,0	12,0	20,0	19,0	32,0	24,0	36,0
18,1	2,0	7,0	5,0	11,0	12,0	16,0	13,0	19,0	21,0	19,0	23,0	28,0	29,0
18,2	3,0	5,0	5,0	11,0	13,0	14,0	15,0	17,0	16,0	22,0	27,0	33,0	30,0
18,3	3,0	4,0	9,0	6,0	11,0	19,0	15,0	15,0	21,0	20,0	24,0	22,0	27,0
18,4	3,0	6,0	8,0	9,0	10,0	11,0	20,0	20,0	21,0	24,0	30,0	25,0	24,0
18,5	4,0	5,0	7,0	7,0	12,0	10,0	17,0	26,0	22,0	21,0	23,0	29,0	31,0
18,6	3,0	6,0	8,0	12,0	10,0	13,0	13,0	19,0	25,0	20,0	22,0	22,0	26,0
18,7	1,0	7,0	10,0	8,0	9,0	13,0	13,0	14,0	22,0	23,0	30,0	27,0	24,0
18,8	0,0	4,0	5,0	9,0	11,0	10,0	19,0	22,0	25,0	23,0	18,0	28,0	29,0
18,9	3,0	6,0	7,0	11,0	13,0	10,0	18,0	17,0	19,0	26,0	21,0	20,0	30,0
19,0	4,0	5,0	4,0	8,0	9,0	16,0	18,0	16,0	18,0	24,0	28,0	24,0	29,0
19,1	3,0	8,0	5,0	12,0	12,0	19,0	11,0	16,0	17,0	22,0	25,0	28,0	27,0
19,2	2,0	5,0	5,0	8,0	12,0	13,0	17,0	19,0	21,0	25,0	25,0	28,0	35,0
19,3	3,0	6,0	5,0	8,0	11,0	15,0	17,0	15,0	18,0	20,0	22,0	25,0	24,0
19,4	5,0	5,0	4,0	11,0	9,0	12,0	16,0	17,0	12,0	17,0	26,0	32,0	26,0
19,5	2,0	6,0	6,0	14,0	8,0	15,0	15,0	17,0	24,0	27,0	32,0	28,0	24,0
19,6	3,0	3,0	3,0	9,0	9,0	13,0	20,0	16,0	17,0	30,0	27,0	23,0	29,0
19,7	2,0	5,0	9,0	11,0	15,0	20,0	22,0	22,0	26,0	33,0	30,0	36,0	34,0
19,8	2,0	4,0	11,0	10,0	14,0	21,0	26,0	29,0	39,0	32,0	43,0	50,0	57,0
19,9	5,0	21,0	36,0	53,0	73,0	109,0	143,0	180,0	198,0	239,0	282,0	281,0	334,0
20,0	18,0	49,0	73,0	113,0	185,0	225,0	259,0	346,0	387,0	459,0	508,0	543,0	621,0
20,1	7,0	30,0	50,0	74,0	116,0	139,0	155,0	227,0	249,0	282,0	317,0	375,0	413,0
20,2	3,0	5,0	9,0	20,0	18,0	26,0	28,0	42,0	51,0	53,0	54,0	60,0	61,0
20,3	2,0	4,0	9,0	11,0	18,0	24,0	20,0	27,0	34,0	26,0	43,0	53,0	42,0
20,4	2,0	5,0	9,0	9,0	14,0	19,0	23,0	24,0	26,0	29,0	32,0	32,0	31,0
20,5	1,0	5,0	7,0	6,0	11,0	15,0	22,0	29,0	22,0	23,0	24,0	29,0	51,0
20,6	1,0	3,0	6,0	6,0	15,0	17,0	15,0	16,0	22,0	25,0	35,0	28,0	35,0
20,7	2,0	5,0	6,0	11,0	10,0	13,0	15,0	25,0	23,0	30,0	26,0	39,0	34,0
20,8	2,0	3,0	7,0	8,0	9,0	14,0	16,0	20,0	20,0	25,0	29,0	31,0	35,0
20,9	2,0	5,0	10,0	6,0	15,0	11,0	19,0	17,0	22,0	18,0	27,0	20,0	30,0
21,0	3,0	3,0	7,0	10,0	8,0	19,0	12,0	18,0	20,0	24,0	22,0	32,0	29,0
21,1	3,0	4,0	6,0	10,0	8,0	14,0	18,0	19,0	23,0	20,0	37,0	37,0	33,0
21,2	2,0	7,0	7,0	8,0	14,0	12,0	17,0	17,0	19,0	23,0	33,0	22,0	31,0
21,3	3,0	5,0	7,0	8,0	10,0	11,0	19,0	18,0	28,0	21,0	30,0	36,0	34,0
21,4	3,0	1,0	6,0	7,0	12,0	11,0	15,0	20,0	19,0	17,0	25,0	29,0	29,0
21,5	2,0	6,0	5,0	7,0	10,0	15,0	17,0	21,0	20,0	17,0	25,0	27,0	33,0
21,6	3,0	5,0	6,0	9,0	11,0	14,0	18,0	14,0	23,0	25,0	25,0	29,0	40,0
21,7	2,0	4,0	3,0	9,0	15,0	15,0	26,0	17,0	16,0	27,0	33,0	31,0	41,0
21,8	2,0	5,0	6,0	12,0	7,0	18,0	18,0	27,0	27,0	37,0	29,0	43,0	45,0
21,9	3,0	4,0	7,0	14,0	19,0	20,0	23,0	30,0	38,0	35,0	37,0	62,0	61,0
22,0	3,0	4,0	8,0	13,0	19,0	30,0	29,0	47,0	50,0	58,0	63,0	73,0	81,0
22,1	6,0	8,0	22,0	47,0	50,0	70,0	94,0	105,0	132,0	140,0	177,0	205,0	228,0
22,2	31,0	86,0	210,0	282,0	406,0	539,0	703,0	829,0	952,0	1077,0	1219,0	1361,0	1426,0
22,3	55,0	172,0	315,0	518,0	706,0	883,0	1100,0	1316,0	1562,0	1725,0	1934,0	2144,0	2284,0
22,4	21,0	80,0	153,0	217,0	297,0	403,0	497,0	550,0	663,0	762,0	916,0	938,0	1027,0
22,5	4,0	10,0	15,0	20,0	38,0	45,0	43,0	61,0	65,0	82,0	91,0	106,0	104,0
22,6	3,0	7,0	6,0	8,0	12,0	17,0	24,0	24,0	29,0	37,0	46,0	39,0	47,0
22,7	2,0	5,0	5,0	12,0	15,0	21,0	17,0	22,0	18,0	20,0	29,0	35,0	34,0
22,8	2,0	3,0	2,0	5,0	12,0	10,0	17,0	12,0	19,0	22,0	21,0	28,0	37,0
22,9	1,0	3,0	2,0	4,0	10,0	10,0	16,0	11,0	18,0	21,0	25,0	26,0	29,0
23,0	3,0	2,0	4,0	3,0	8,0	10,0	14,0	13,0	19,0	16,0	25,0	18,0	29,0
23,1	3,0	2,0	3,0	4,0	6,0	9,0	14,0	9,0	15,0	18,0	19,0	29,0	27,0
23,2	1,0	3,0	2,0	6,0	6,0	9,0	9,0	11,0	14,0	17,0	22,0	22,0	25,0
23,3	0,0	3,0	4,0	8,0	6,0	9,0	10,0	8,0	12,0	17,0	16,0	24,0	23,0
23,4	2,0	4,0	2,0	2,0	4,0	7,0	12,0	14,0	9,0	10,0	13,0	14,0	22,0
23,5	2,0	2,0	5,0	3,0	8,0	7,0	9,0	12,0	8,0	11,0	21,0	24,0	19,0
23,6	2,0	2,0	2,0	5,0	7,0	7,0	9,0	11,0	14,0	13,0	18,0	20,0	20,0
23,7	1,0	1,0	1,0	6,0	4,0	5,0	7,0	8,0	16,0	13,0	20,0	16,0	23,0
23,8	1,0	1,0	5,0	5,0	8,0	5,0	7,0	10,0	11,0	12,0	18,0	19,0	19,0
23,9	1,0	3,0	2,0	5,0	5,0	7,0	9,0	11,0	7,0	12,0	16,0	18,0	22,0
24,0	2,0	2,0	3,0	3,0	5,0	9,0	5,0	11,0	14,0	14,0	14,0	20,0	17,0
