X-ray (ID 01) / Crystal angle θ_c	X-ray (ID 01) / Impulse Imp
θ_c/°	Imp/# / s

4,0	149
4,1	187
4,2	170
4,3	152
4,4	128
4,5	114
4,6	90
4,7	70
4,8	66
4,9	68
5,0	70
5,1	61
5,2	70
5,3	118
5,4	143
5,5	164
5,6	170
5,7	211
5,8	226
5,9	268
6,0	263
6,1	274
6,2	281
6,3	296
6,4	316
6,5	354
6,6	356
6,7	353
6,8	351
6,9	388
7,0	388
7,1	373
7,2	401
7,3	417
7,4	414
7,5	394
7,6	396
7,7	385
7,8	397
7,9	388
8,0	389
8,1	408
8,2	389
8,3	413
8,4	408
8,5	390
8,6	400
8,7	392
8,8	463
8,9	727
9,0	990
9,1	1521
9,2	752
9,3	488
9,4	483
9,5	462
9,6	437
9,7	473
9,8	470
9,9	510
10,0	734
10,1	2032
10,2	4148
10,3	3316
10,4	1040
10,5	562
10,6	503
10,7	466
10,8	449
10,9	435
11,0	439
11,1	465
11,2	453
11,3	462
11,4	481
11,5	440
11,6	426
11,7	455
11,8	439
11,9	478
12,0	436
12,1	486
12,2	459
12,3	438
12,4	477
12,5	444
12,6	440
12,7	446
12,8	448
12,9	438
13,0	430
13,1	436
13,2	391
13,3	401
13,4	374
13,5	362
13,6	386
13,7	382
13,8	363
13,9	390
14,0	388
14,1	370
14,2	396
14,3	351
14,4	334
14,5	341
14,6	369
14,7	373
14,8	336
14,9	355
15,0	351
15,1	362
15,2	362
15,3	364
15,4	335
15,5	331
15,6	318
15,7	362
15,8	330
15,9	334
16,0	335
16,1	334
16,2	330
16,3	307
16,4	321
16,5	320
16,6	310
16,7	320
16,8	302
16,9	297
17,0	299
17,1	319
17,2	310
17,3	302
17,4	278
17,5	298
17,6	271
17,7	294
17,8	302
17,9	301
18,0	319
18,1	303
18,2	365
18,3	448
18,4	369
18,5	285
18,6	316
18,7	310
18,8	232
18,9	262
19,0	255
19,1	239
19,2	228
19,3	228
19,4	224
19,5	230
19,6	215
19,7	208
19,8	219
19,9	214
20,0	226
20,1	208
20,2	210
20,3	212
20,4	235
20,5	434
20,6	776
20,7	868
20,8	557
20,9	264
21,0	187
21,1	200
21,2	183
21,3	172
21,4	196
21,5	233
21,6	278
21,7	194
21,8	171
21,9	161
22,0	161
22,1	171
22,2	141
22,3	145
22,4	146
22,5	178
22,6	189
22,7	174
22,8	129
22,9	134
23,0	135
23,1	135
23,2	132
23,3	147
23,4	128
23,5	127
23,6	110
23,7	114
23,8	121
23,9	111
24,0	101
24,1	118
24,2	115
24,3	102
24,4	112
24,5	106
24,6	108
24,7	110
24,8	98
24,9	90
25,0	96
25,1	97
25,2	99
25,3	86
25,4	99
25,5	87
25,6	102
25,7	80
25,8	83
25,9	81
26,0	96
26,1	82
26,2	75
26,3	79
26,4	94
26,5	88
26,6	80
26,7	75
26,8	73
26,9	70
27,0	64
27,1	74
27,2	76
27,3	70
27,4	72
27,5	63
27,6	67
27,7	67
27,8	63
27,9	62
28,0	75
28,1	72
28,2	67
28,3	58
28,4	57
28,5	57
28,6	53
28,7	57
28,8	51
28,9	58
29,0	53
29,1	48
29,2	50
29,3	51
29,4	44
29,5	49
29,6	50
29,7	39
29,8	59
29,9	53
30,0	47
30,1	47
30,2	52
30,3	44
30,4	55
30,5	46
30,6	47
30,7	61
30,8	43
30,9	50
31,0	41
31,1	39
31,2	48
31,3	40
31,4	47
31,5	46
31,6	44
31,7	53
31,8	125
31,9	121
32,0	94
32,1	70
32,2	63
32,3	50
32,4	52
32,5	35
32,6	37
32,7	38
32,8	33
32,9	43
33,0	39
33,1	41
33,2	44
33,3	36
33,4	39
33,5	50
33,6	35
33,7	34
33,8	36
33,9	36
34,0	40
34,1	43
34,2	41
34,3	38
34,4	46
34,5	33
34,6	39
34,7	39
34,8	41
34,9	31
35,0	34
35,1	41
35,2	30
35,3	37
35,4	33
35,5	29
35,6	26
35,7	32
35,8	42
35,9	28
36,0	29
36,1	41
36,2	32
36,3	30
36,4	36
36,5	29
36,6	36
36,7	29
36,8	25
36,9	31
37,0	35
37,1	28
37,2	33
37,3	29
37,4	28
37,5	34
37,6	33
37,7	26
37,8	29
37,9	32
38,0	34
38,1	37
38,2	28
38,3	27
38,4	27
38,5	28
38,6	22
38,7	28
38,8	24
38,9	32
39,0	25
39,1	25
39,2	30
39,3	33
39,4	31
39,5	33
39,6	35
39,7	22
39,8	29
39,9	29
40,0	26
40,1	23
40,2	21
40,3	26
40,4	21
40,5	21
40,6	27
40,7	27
40,8	30
40,9	23
41,0	22
41,1	19
41,2	23
41,3	29
41,4	25
41,5	28
41,6	22
41,7	23
41,8	21
41,9	17
42,0	24
42,1	18
42,2	26
42,3	26
42,4	28
42,5	22
42,6	26
42,7	26
42,8	24
42,9	25
43,0	31
43,1	24
43,2	29
43,3	21
43,4	29
43,5	21
43,6	24
43,7	29
43,8	28
43,9	22
44,0	25
44,1	18
44,2	28
44,3	20
44,4	26
44,5	19
44,6	21
44,7	38
44,8	34
44,9	22
45,0	31
45,1	24
45,2	21
45,3	25
45,4	18
45,5	23
45,6	11
45,7	19
45,8	19
45,9	22
46,0	20
46,1	20
46,2	20
46,3	18
46,4	20
46,5	22
46,6	20
46,7	18
46,8	21
46,9	19
47,0	18
47,1	29
47,2	29
47,3	16
47,4	21
47,5	21
47,6	18
47,7	22
47,8	16
47,9	19
48,0	14
48,1	17
48,2	17
48,3	14
48,4	16
48,5	18
48,6	20
48,7	20
48,8	18
48,9	20
49,0	21
49,1	16
49,2	19
49,3	21
49,4	19
49,5	18
49,6	23
49,7	16
49,8	18
49,9	23
50,0	31
50,1	24
50,2	20
50,3	18
50,4	23
50,5	20
50,6	18
50,7	19
50,8	16
50,9	19
51,0	19
51,1	16
51,2	21
51,3	20
51,4	15
51,5	15
51,6	16
51,7	17
51,8	13
51,9	16
52,0	14
52,1	17
52,2	15
52,3	20
52,4	17
52,5	14
52,6	21
52,7	21
52,8	18
52,9	18
53,0	15
53,1	19
53,2	17
53,3	21
53,4	15
53,5	13
53,6	17
53,7	18
53,8	17
53,9	19
54,0	18
54,1	21
54,2	19
54,3	18
54,4	16
54,5	12
54,6	12
54,7	16
54,8	15
54,9	16
55,0	11
55,1	15
55,2	14
55,3	19
55,4	15
55,5	18
55,6	20
55,7	20
55,8	20
55,9	15
56,0	17
56,1	15
56,2	16
56,3	17
56,4	20
56,5	23
56,6	19
56,7	19
56,8	20
56,9	15
57,0	18
57,1	20
57,2	20
57,3	14
57,4	13
57,5	10
57,6	26
57,7	14
57,8	13
57,9	10
58,0	15
58,1	21
58,2	14
58,3	19
58,4	17
58,5	19
58,6	25
58,7	19
58,8	16
58,9	18
59,0	18
59,1	15
59,2	17
59,3	17
59,4	14
59,5	18
59,6	17
59,7	10
59,8	17
59,9	15
60,0	17
60,1	18
60,2	18
60,3	18
60,4	14
60,5	22
60,6	16
60,7	21
60,8	16
60,9	16
61,0	13
61,1	20
61,2	18
61,3	15
61,4	19
61,5	17
61,6	14
61,7	24
61,8	25
61,9	20
62,0	23
62,1	18
62,2	16
62,3	25
62,4	19
62,5	18
62,6	19
62,7	15
62,8	19
62,9	16
63,0	18
63,1	19
63,2	14
63,3	14
63,4	18
63,5	19
63,6	19
63,7	15
63,8	18
63,9	14
64,0	16
64,1	19
64,2	22
64,3	18
64,4	21
64,5	13
64,6	20
64,7	21
64,8	19
64,9	18
65,0	16
