Kristallwinkel	Rate bei 35kV mit Al
theta/°	R(35kV)/Imp/s

19,0	18,0
19,1	16,0
19,2	12,0
19,3	10,0
19,4	14,0
19,5	10,0
19,6	19,0
19,7	22,0
19,8	31,0
19,9	207,0
20,0	326,0
20,1	186,0
20,2	30,0
20,3	26,0
20,4	17,0
20,5	22,0
20,6	21,0
20,7	21,0
20,8	18,0
20,9	13,0
21,0	17,0
21,1	14,0
21,2	0,0
21,3	16,0
21,4	18,0
21,5	21,0
21,6	19,0
21,7	18,0
21,8	23,0
21,9	30,0
22,0	42,0
22,1	146,0
22,2	930,0
22,3	1361,0
22,4	483,0
22,5	55,0
22,6	25,0
22,7	24,0
22,8	18,0
22,9	12,0
23,0	0,0
23,1	12,0
23,2	14,0
23,3	17,0
23,4	10,0
23,5	9,0
23,6	15,0
23,7	7,0
23,8	8,0
23,9	10,0
24,0	9,0
