Kristallwinkel	Rate bei 35kV mit Al
theta/°	R(35kV)/Imp/s

19,0	3,0
19,1	3,0
19,2	3,0
19,3	3,0
19,4	2,0
19,5	1,0
19,6	3,0
19,7	4,0
19,8	5,0
19,9	27,0
20,0	56,0
20,1	39,0
20,2	7,0
20,3	5,0
20,4	1,0
20,5	4,0
20,6	1,0
20,7	5,0
20,8	4,0
20,9	3,0
21,0	5,0
21,1	5,0
21,2	2,0
21,3	4,0
21,4	2,0
21,5	3,0
21,6	5,0
21,7	3,0
21,8	5,0
21,9	4,0
22,0	10,0
22,1	19,0
22,2	181,0
22,3	261,0
22,4	98,0
22,5	7,0
22,6	3,0
22,7	3,0
22,8	3,0
22,9	1,0
23,0	4,0
23,1	3,0
23,2	4,0
23,3	3,0
23,4	2,0
23,5	2,0
23,6	0,0
23,7	2,0
23,8	3,0
23,9	0,0
24,0	2,0
