Kristallwinkel	Rate bei 35kV mit Al
theta/°	R(35kV)/Imp/s

19,0	25,0
19,1	15,0
19,2	19,0
19,3	23,0
19,4	22,0
19,5	24,0
19,6	27,0
19,7	18,0
19,8	49,0
19,9	299,0
20,0	474,0
20,1	285,0
20,2	44,0
20,3	35,0
20,4	32,0
20,5	26,0
20,6	24,0
20,7	25,0
20,8	27,0
20,9	30,0
21,0	19,0
21,1	17,0
21,2	23,0
21,3	29,0
21,4	25,0
21,5	21,0
21,6	31,0
21,7	29,0
21,8	28,0
21,9	40,0
22,0	53,0
22,1	186,0
22,2	1251,0
22,3	1799,0
22,4	684,0
22,5	88,0
22,6	26,0
22,7	22,0
22,8	23,0
22,9	19,0
23,0	28,0
23,1	14,0
23,2	18,0
23,3	15,0
23,4	18,0
23,5	17,0
23,6	16,0
23,7	15,0
23,8	17,0
23,9	12,0
24,0	15,0
