Kristallwinkel	Rate bei 35kV mit Al
theta/°	R(35kV)/Imp/s

19,0	8,0
19,1	11,0
19,2	8,0
19,3	14,0
19,4	15,0
19,5	14,0
19,6	13,0
19,7	19,0
19,8	28,0
19,9	154,0
20,0	260,0
20,1	152,0
20,2	26,0
20,3	21,0
20,4	15,0
20,5	18,0
20,6	15,0
20,7	16,0
20,8	14,0
20,9	15,0
21,0	12,0
21,1	14,0
21,2	16,0
21,3	18,0
21,4	15,0
21,5	15,0
21,6	14,0
21,7	13,0
21,8	13,0
21,9	24,0
22,0	38,0
22,1	113,0
22,2	764,0
22,3	1113,0
22,4	392,0
22,5	46,0
22,6	20,0
22,7	16,0
22,8	13,0
22,9	8,0
23,0	13,0
23,1	12,0
23,2	9,0
23,3	15,0
23,4	10,0
23,5	10,0
23,6	5,0
23,7	7,0
23,8	7,0
23,9	5,0
24,0	8,0
