Kristallwinkel	Rate bei 35kV mit Al
theta/°	R(35kV)/Imp/s

19,0	24,0
19,1	26,0
19,2	25,0
19,3	25,0
19,4	19,0
19,5	19,0
19,6	27,0
19,7	26,0
19,8	55,0
19,9	331,0
20,0	558,0
20,1	306,0
20,2	55,0
20,3	36,0
20,4	33,0
20,5	34,0
20,6	25,0
20,7	28,0
20,8	26,0
20,9	22,0
21,0	30,0
21,1	22,0
21,2	21,0
21,3	34,0
21,4	27,0
21,5	20,0
21,6	24,0
21,7	28,0
21,8	35,0
21,9	40,0
22,0	75,0
22,1	193,0
22,2	1347,0
22,3	2094,0
22,4	767,0
22,5	80,0
22,6	44,0
22,7	23,0
22,8	25,0
22,9	20,0
23,0	24,0
23,1	20,0
23,2	18,0
23,3	20,0
23,4	18,0
23,5	17,0
23,6	26,0
23,7	15,0
23,8	22,0
23,9	14,0
24,0	13,0
