Kristallwinkel	Rate bei 35kV mit Al
theta/°	R(35kV)/Imp/s

19,0	11,0
19,1	16,0
19,2	19,0
19,3	21,0
19,4	18,0
19,5	18,0
19,6	19,0
19,7	29,0
19,8	32,0
19,9	235,0
20,0	426,0
20,1	217,0
20,2	50,0
20,3	35,0
20,4	22,0
20,5	27,0
20,6	23,0
20,7	22,0
20,8	21,0
20,9	23,0
21,0	23,0
21,1	17,0
21,2	25,0
21,3	22,0
21,4	19,0
21,5	23,0
21,6	24,0
21,7	23,0
21,8	24,0
21,9	35,0
22,0	55,0
22,1	164,0
22,2	1124,0
22,3	1633,0
22,4	580,0
22,5	62,0
22,6	35,0
22,7	18,0
22,8	23,0
22,9	15,0
23,0	15,0
23,1	15,0
23,2	11,0
23,3	14,0
23,4	15,0
23,5	12,0
23,6	5,0
23,7	10,0
23,8	12,0
23,9	13,0
24,0	12,0
