Kristallwinkel	Rate bei 35kV mit Al
theta/°	R(35kV)/Imp/s

19,0	30,0
19,1	32,0
19,2	35,0
19,3	30,0
19,4	33,0
19,5	31,0
19,6	30,0
19,7	45,0
19,8	62,0
19,9	385,0
20,0	660,0
20,1	395,0
20,2	69,0
20,3	45,0
20,4	47,0
20,5	50,0
20,6	40,0
20,7	44,0
20,8	48,0
20,9	31,0
21,0	30,0
21,1	30,0
21,2	35,0
21,3	34,0
21,4	35,0
21,5	37,0
21,6	44,0
21,7	39,0
21,8	45,0
21,9	69,0
22,0	82,0
22,1	230,0
22,2	1662,0
22,3	2435,0
22,4	998,0
22,5	111,0
22,6	39,0
22,7	38,0
22,8	33,0
22,9	28,0
23,0	25,0
23,1	30,0
23,2	22,0
23,3	24,0
23,4	21,0
23,5	25,0
23,6	17,0
23,7	26,0
23,8	17,0
23,9	18,0
24,0	22,0
