Kristallwinkel	Rate bei 35kV mit Al
theta/°	R(35kV)/Imp/s

19,0	11,0
19,1	11,0
19,2	7,0
19,3	8,0
19,4	9,0
19,5	10,0
19,6	9,0
19,7	11,0
19,8	18,0
19,9	107,0
20,0	206,0
20,1	111,0
20,2	24,0
20,3	16,0
20,4	13,0
20,5	12,0
20,6	14,0
20,7	9,0
20,8	15,0
20,9	8,0
21,0	10,0
21,1	10,0
21,2	12,0
21,3	15,0
21,4	8,0
21,5	9,0
21,6	9,0
21,7	11,0
21,8	12,0
21,9	18,0
22,0	25,0
22,1	78,0
22,2	550,0
22,3	891,0
22,4	293,0
22,5	36,0
22,6	18,0
22,7	8,0
22,8	7,0
22,9	6,0
23,0	6,0
23,1	5,0
23,2	11,0
23,3	8,0
23,4	7,0
23,5	4,0
23,6	3,0
23,7	10,0
23,8	8,0
23,9	6,0
24,0	3,0
