Kristallwinkel	Rate bei 35kV mit Al
theta/°	R(35kV)/Imp/s

19,0	5,0
19,1	4,0
19,2	5,0
19,3	6,0
19,4	5,0
19,5	3,0
19,6	5,0
19,7	7,0
19,8	11,0
19,9	70,0
20,0	137,0
20,1	69,0
20,2	11,0
20,3	11,0
20,4	6,0
20,5	8,0
20,6	7,0
20,7	6,0
20,8	4,0
20,9	7,0
21,0	7,0
21,1	7,0
21,2	7,0
21,3	8,0
21,4	4,0
21,5	10,0
21,6	5,0
21,7	9,0
21,8	11,0
21,9	10,0
22,0	17,0
22,1	54,0
22,2	377,0
22,3	546,0
22,4	209,0
22,5	21,0
22,6	10,0
22,7	8,0
22,8	7,0
22,9	4,0
23,0	4,0
23,1	4,0
23,2	4,0
23,3	6,0
23,4	5,0
23,5	1,0
23,6	3,0
23,7	4,0
23,8	5,0
23,9	3,0
24,0	4,0
