Kristallwinkel	Rate bei 35kV mit Al
theta/°	R(35kV)/Imp/s

19,0	28,0
19,1	28,0
19,2	28,0
19,3	29,0
19,4	28,0
19,5	27,0
19,6	28,0
19,7	33,0
19,8	51,0
19,9	371,0
20,0	610,0
20,1	342,0
20,2	72,0
20,3	55,0
20,4	45,0
20,5	36,0
20,6	36,0
20,7	35,0
20,8	29,0
20,9	34,0
21,0	31,0
21,1	26,0
21,2	32,0
21,3	31,0
21,4	26,0
21,5	31,0
21,6	42,0
21,7	32,0
21,8	35,0
21,9	45,0
22,0	77,0
22,1	213,0
22,2	1500,0
22,3	2253,0
22,4	899,0
22,5	91,0
22,6	39,0
22,7	35,0
22,8	30,0
22,9	24,0
23,0	23,0
23,1	16,0
23,2	23,0
23,3	27,0
23,4	22,0
23,5	20,0
23,6	18,0
23,7	16,0
23,8	19,0
23,9	18,0
24,0	21,0
