Versuchsteilnehmer 1: SanC
Versuchsteilnehmer 2: TalH
Versuch: Supraleitung
Startzeit: 19.03.2026 13:16:57
Stoppzeit: 19.03.2026 13:19:17
Probennummer: 
Gatespannung: 
Sweeprate: 
Strom: 
Magnetfeld: 
Temperatur: 
Bemerkung: 
Kommentar: 

Zeit/s          	U_AB [V]          	U_M [V]          	U_Sn [V]          	U_Spule [V]
0,000000000000	0,012874439000	0,424489770000	0,000080317000	0,000002241000
1,000000000000	0,012875772000	0,424482630000	0,000080076000	0,000001795000
2,000000000000	0,012874157000	0,424447530000	0,000079772000	0,000001982000
3,000000000000	0,012874320000	0,424434670000	0,000080107000	0,000002314000
4,000000000000	0,012874461000	0,424399570000	0,000079762000	0,000001951000
5,000000000000	0,012875187000	0,424383860000	0,000080023000	0,000001774000
6,000000000000	0,012874851000	0,424359370000	0,000079751000	0,000004348000
7,000000000000	0,012874981000	0,424391200000	0,000080118000	0,000018750000
8,000000000000	0,012873333000	0,424368140000	0,000080411000	0,000019393000
9,000000000000	0,012873951000	0,424351810000	0,000080526000	0,000019777000
10,000000000000	0,012874070000	0,424388550000	0,000080023000	0,000019871000
11,000000000000	0,012874266000	0,424375080000	0,000080557000	0,000020400000
12,000000000000	0,012873734000	0,424358350000	0,000080934000	0,000020752000
13,000000000000	0,012873398000	0,424339770000	0,000080809000	0,000021168000
14,000000000000	0,012873854000	0,424389160000	0,000081070000	0,000021406000
15,000000000000	0,012874786000	0,424383040000	0,000081144000	0,000021884000
16,000000000000	0,012874060000	0,424348140000	0,000080620000	0,000022330000
17,000000000000	0,012875989000	0,424318350000	0,000080976000	0,000022703000
18,000000000000	0,012874688000	0,424345900000	0,000081154000	0,000023098000
19,001000000000	0,012876488000	0,424317940000	0,000081646000	0,000023513000
20,000000000000	0,012875003000	0,424292630000	0,000081332000	0,000023980000
21,000000000000	0,012876065000	0,424308350000	0,000082117000	0,000024353000
22,000000000000	0,012876098000	0,424281200000	0,000082274000	0,000024789000
23,000000000000	0,012875263000	0,424291000000	0,000082149000	0,000025401000
24,000000000000	0,012876607000	0,424239160000	0,000082431000	0,000025743000
25,000000000000	0,012875751000	0,424201200000	0,000082955000	0,000025795000
26,000000000000	0,012877160000	0,424201810000	0,000082787000	0,000026677000
27,000000000000	0,012876585000	0,424196920000	0,000085080000	0,000026937000
28,000000000000	0,012875024000	0,424176920000	0,000103076000	0,000027051000
29,000000000000	0,012875610000	0,424145280000	0,000147380000	0,000027663000
30,000000000000	0,012874135000	0,424151810000	0,000162340000	0,000028255000
31,000000000000	0,012874266000	0,424162020000	0,000173866000	0,000028192000
32,000000000000	0,012874070000	0,424195080000	0,000177415000	0,000028919000
33,000000000000	0,012873051000	0,424115080000	0,000178336000	0,000029292000
34,000000000000	0,012875523000	0,424108350000	0,000178346000	0,000029572000
35,000000000000	0,012874244000	0,424123860000	0,000178011000	0,000030091000
36,000000000000	0,012875165000	0,424089570000	0,000178619000	0,000030475000
37,000000000000	0,012875241000	0,424031200000	0,000178818000	0,000031015000
38,000000000000	0,012875989000	0,424018140000	0,000178922000	0,000031326000
39,000000000000	0,012876195000	0,424029980000	0,000178462000	0,000031648000
40,000000000000	0,012877420000	0,424017530000	0,000179917000	0,000032000000
41,000000000000	0,012876824000	0,423957730000	0,000179037000	0,000032374000
42,000000000000	0,012877171000	0,423933860000	0,000178462000	0,000032955000
43,000000000000	0,012877203000	0,423949370000	0,000179048000	0,000033214000
44,000000000000	0,012876423000	0,423914880000	0,000179310000	0,000033515000
45,000000000000	0,012876846000	0,423899770000	0,000178807000	0,000034055000
46,000000000000	0,012877507000	0,423883040000	0,000178357000	0,000034439000
47,000000000000	0,012877268000	0,423875490000	0,000179665000	0,000034574000
48,000000000000	0,012878027000	0,423861200000	0,000179310000	0,000034646000
49,000000000000	0,012877648000	0,423831610000	0,000178797000	0,000035622000
50,000000000000	0,012878689000	0,423762020000	0,000179058000	0,000036026000
51,000000000000	0,012877865000	0,423804470000	0,000179153000	0,000036462000
52,000000000000	0,012879588000	0,423756710000	0,000179090000	0,000036888000
53,000000000000	0,012879220000	0,423728350000	0,000178524000	0,000037323000
54,000000000000	0,012880011000	0,423679980000	0,000178933000	0,000037697000
55,000000000000	0,012879274000	0,423684470000	0,000179163000	0,000038122000
56,000000000000	0,012878157000	0,423669370000	0,000178503000	0,000038558000
57,000000000000	0,012881648000	0,423607530000	0,000179372000	0,000038859000
58,000000000000	0,012881041000	0,423592630000	0,000179079000	0,000039440000
59,001000000000	0,012881258000	0,423587530000	0,000179090000	0,000039710000
60,000000000000	0,012881551000	0,423582630000	0,000179383000	0,000040115000
61,000000000000	0,012881670000	0,423563240000	0,000179121000	0,000040436000
62,000000000000	0,012881236000	0,423531410000	0,000179006000	0,000040789000
63,000000000000	0,012881735000	0,423511000000	0,000179006000	0,000041412000
64,000000000000	0,012881301000	0,423483450000	0,000178566000	0,000041879000
65,000000000000	0,012882808000	0,423429770000	0,000178838000	0,000042252000
66,000000000000	0,012883339000	0,423414470000	0,000179372000	0,000042667000
67,000000000000	0,012884185000	0,423375290000	0,000178985000	0,000042895000
68,000000000000	0,012884055000	0,423364060000	0,000179215000	0,000042387000
69,000000000000	0,012884846000	0,423317530000	0,000179508000	0,000042003000
70,000000000000	0,012884445000	0,423326920000	0,000179310000	0,000041858000
71,000000000000	0,012885128000	0,423281820000	0,000179425000	0,000041308000
72,000000000000	0,012884879000	0,423288550000	0,000179330000	0,000040903000
73,000000000000	0,012886017000	0,423253860000	0,000179289000	0,000040488000
74,000000000000	0,012885182000	0,423226310000	0,000178776000	0,000040073000
75,000000000000	0,012886950000	0,423153450000	0,000179079000	0,000039834000
76,000000000000	0,012886147000	0,423138350000	0,000178493000	0,000039409000
77,000000000000	0,012887448000	0,423102430000	0,000178849000	0,000039077000
78,001000000000	0,012888250000	0,423053860000	0,000179247000	0,000038579000
79,000000000000	0,012889161000	0,422998960000	0,000179037000	0,000037925000
80,001000000000	0,012888532000	0,423011410000	0,000178975000	0,000037645000
81,000000000000	0,012889942000	0,422982840000	0,000179027000	0,000037209000
82,000000000000	0,012889313000	0,422963860000	0,000178964000	0,000036255000
83,000000000000	0,012889551000	0,422896100000	0,000179163000	0,000036514000
84,000000000000	0,012891427000	0,422888550000	0,000178713000	0,000036037000
85,000000000000	0,012891318000	0,422864060000	0,000179697000	0,000035757000
86,000000000000	0,012893053000	0,422824270000	0,000179100000	0,000035227000
87,000000000000	0,012892457000	0,422767330000	0,000178493000	0,000034895000
88,000000000000	0,012892576000	0,422731000000	0,000179079000	0,000034501000
89,000000000000	0,012892413000	0,422743450000	0,000178859000	0,000034024000
90,000000000000	0,012893693000	0,422692430000	0,000178849000	0,000033827000
91,000000000000	0,012893985000	0,422653250000	0,000179383000	0,000033297000
92,000000000000	0,012892966000	0,422611000000	0,000178891000	0,000032996000
93,000000000000	0,012894549000	0,422568960000	0,000178975000	0,000032312000
94,000000000000	0,012896717000	0,422567120000	0,000178765000	0,000032104000
95,000000000000	0,012895568000	0,422521000000	0,000178995000	0,000031616000
96,000000000000	0,012895004000	0,422482840000	0,000178828000	0,000031274000
97,000000000000	0,012896739000	0,422479780000	0,000178640000	0,000030817000
98,000000000000	0,012896793000	0,422443450000	0,000179132000	0,000030620000
99,000000000000	0,012896999000	0,422372020000	0,000178786000	0,000030029000
100,001000000000	0,012898831000	0,422312430000	0,000179111000	0,000029354000
101,000000000000	0,012898799000	0,422338550000	0,000179090000	0,000029334000
102,000000000000	0,012899048000	0,422309160000	0,000179205000	0,000028773000
103,000000000000	0,012899807000	0,422249570000	0,000179372000	0,000028421000
104,000000000000	0,012899731000	0,422211410000	0,000178127000	0,000028109000
105,000000000000	0,012900046000	0,422201410000	0,000178137000	0,000027736000
106,001000000000	0,012899894000	0,422143450000	0,000176724000	0,000027238000
107,000000000000	0,012900815000	0,422118140000	0,000175918000	0,000026864000
108,000000000000	0,012903081000	0,422054060000	0,000152729000	0,000026459000
109,000000000000	0,012904068000	0,422027330000	0,000139696000	0,000026200000
110,000000000000	0,012904978000	0,422002430000	0,000114707000	0,000025764000
111,000000000000	0,012906236000	0,421948350000	0,000103180000	0,000025235000
112,000000000000	0,012905076000	0,421913450000	0,000088378000	0,000024903000
113,001000000000	0,012904946000	0,421896510000	0,000081667000	0,000024395000
114,000000000000	0,012906810000	0,421839980000	0,000081625000	0,000023751000
115,000000000000	0,012909054000	0,421771610000	0,000081416000	0,000023430000
116,000000000000	0,012908588000	0,421771610000	0,000081426000	0,000023139000
117,000000000000	0,012911136000	0,421712430000	0,000081437000	0,000022568000
118,000000000000	0,012909336000	0,421739570000	0,000081091000	0,000022433000
119,000000000000	0,012910084000	0,421727530000	0,000081311000	0,000022018000
120,000000000000	0,012910952000	0,421644270000	0,000080631000	0,000021468000
121,000000000000	0,012912133000	0,421589570000	0,000080756000	0,000021095000
122,000000000000	0,012913011000	0,421563450000	0,000080557000	0,000020638000
123,000000000000	0,012912957000	0,421516100000	0,000080264000	0,000020555000
124,000000000000	0,012914648000	0,421468550000	0,000080505000	0,000019964000
125,000000000000	0,012913022000	0,421458350000	0,000079992000	0,000019383000
126,000000000000	0,012913087000	0,421427330000	0,000080055000	0,000019310000
127,001000000000	0,012914779000	0,421381210000	0,000079856000	0,000018667000
128,000000000000	0,012914540000	0,421316720000	0,000080840000	0,000019155000
129,000000000000	0,012915483000	0,421279570000	0,000080599000	0,000019061000
130,000000000000	0,012914735000	0,421225900000	0,000080023000	0,000019891000
131,000000000000	0,012915700000	0,421215900000	0,000080212000	0,000020348000
132,000000000000	0,012916340000	0,421166920000	0,000080547000	0,000020773000
133,000000000000	0,012917012000	0,421119700000	0,000080285000	0,000021105000
134,000000000000	0,012916047000	0,421051210000	0,000080526000	0,000021614000
135,000000000000	0,012916990000	0,421025800000	0,000080589000	0,000021977000
136,000000000000	0,012917955000	0,421011620000	0,000080830000	0,000022516000
137,000000000000	0,012919418000	0,420956510000	0,000080892000	0,000022797000
138,000000000000	0,012918898000	0,420917330000	0,000081290000	0,000023326000
139,000000000000	0,012921890000	0,420891210000	0,000081133000	0,000023596000
