Versuchsteilnehmer 1: SanC
Versuchsteilnehmer 2: TalH
Versuch: Supraleitung
Startzeit: 19.03.2026 14:15:04
Stoppzeit: 19.03.2026 14:18:05
Probennummer: 
Gatespannung: 
Sweeprate: 
Strom: 
Magnetfeld: 
Temperatur: 
Bemerkung: 
Kommentar: 

Zeit/s          	U_AB [V]          	U_M [V]          	U_Sn [V]          	U_Spule [V]
0,000000000000	0,023198477000	0,114048520000	0,000078725000	0,000039627000
1,000000000000	0,023202976000	0,114004030000	0,000078642000	0,000019424000
2,000000000000	0,023204689000	0,113970360000	0,000079134000	0,000003134000
3,000000000000	0,023203572000	0,113939340000	0,000079196000	0,000002335000
4,000000000000	0,023209318000	0,113961990000	0,000079176000	0,000002511000
5,000000000000	0,023205578000	0,113971180000	0,000079207000	0,000002355000
6,000000000000	0,023198965000	0,113972810000	0,000078914000	0,000002117000
7,000000000000	0,023203019000	0,114003830000	0,000079113000	0,000002065000
8,000000000000	0,023202748000	0,114022810000	0,000078924000	0,000002200000
9,000000000000	0,023207800000	0,113989130000	0,000079018000	0,000002179000
10,001000000000	0,023210326000	0,113900160000	0,000078872000	0,000002770000
11,000000000000	0,023206011000	0,113925260000	0,000078401000	0,000023118000
12,000000000000	0,023209437000	0,113954650000	0,000079437000	0,000043134000
13,000000000000	0,023207041000	0,113964030000	0,000078820000	0,000063046000
14,000000000000	0,023207377000	0,113949540000	0,000080453000	0,000079129000
15,000000000000	0,023207854000	0,113961580000	0,000080327000	0,000080011000
16,001000000000	0,023208982000	0,113912400000	0,000080400000	0,000080323000
17,000000000000	0,023206315000	0,113900970000	0,000080379000	0,000080945000
18,000000000000	0,023212137000	0,113861180000	0,000080118000	0,000081184000
19,000000000000	0,023209817000	0,113873010000	0,000080442000	0,000081505000
20,000000000000	0,023209090000	0,113874440000	0,000080589000	0,000082024000
21,000000000000	0,023211291000	0,113881580000	0,000080725000	0,000082346000
22,001000000000	0,023206228000	0,113888930000	0,000080578000	0,000082771000
23,000000000000	0,023211465000	0,113846890000	0,000080474000	0,000083228000
24,000000000000	0,023214305000	0,113863220000	0,000080819000	0,000084203000
25,001000000000	0,023209784000	0,113868320000	0,000081384000	0,000083954000
26,000000000000	0,023207605000	0,113866690000	0,000080714000	0,000084265000
27,000000000000	0,023214944000	0,113857500000	0,000080505000	0,000084836000
28,000000000000	0,023220679000	0,113828110000	0,000081238000	0,000085158000
29,000000000000	0,023216657000	0,113892200000	0,000080892000	0,000085407000
30,000000000000	0,023211280000	0,113915870000	0,000081332000	0,000085905000
31,001000000000	0,023209762000	0,113915870000	0,000081416000	0,000086268000
32,000000000000	0,023210749000	0,113948110000	0,000081227000	0,000086756000
33,000000000000	0,023212711000	0,113922200000	0,000081186000	0,000086994000
34,000000000000	0,023215031000	0,113913620000	0,000080955000	0,000087524000
35,000000000000	0,023211725000	0,113931580000	0,000081248000	0,000087897000
36,000000000000	0,023207020000	0,113957300000	0,000081322000	0,000088240000
37,000000000000	0,023199529000	0,113989750000	0,000081531000	0,000088862000
38,000000000000	0,023199398000	0,114020560000	0,000081416000	0,000089205000
39,000000000000	0,023199257000	0,114000560000	0,000081939000	0,000089682000
40,000000000000	0,023207475000	0,113985870000	0,000081374000	0,000089993000
41,000000000000	0,023201621000	0,114056070000	0,000082191000	0,000090325000
42,000000000000	0,023194097000	0,114109130000	0,000082149000	0,000091052000
43,000000000000	0,023193523000	0,114121180000	0,000081636000	0,000091197000
44,000000000000	0,023188893000	0,114130360000	0,000082117000	0,000091851000
45,000000000000	0,023188774000	0,114125460000	0,000083175000	0,000092100000
46,000000000000	0,023188753000	0,114143620000	0,000085886000	0,000092380000
47,000000000000	0,023185457000	0,114161380000	0,000098051000	0,000092743000
48,000000000000	0,023183278000	0,114166690000	0,000124694000	0,000093459000
49,000000000000	0,023177391000	0,114242600000	0,000138691000	0,000093625000
50,000000000000	0,023172426000	0,114265870000	0,000145830000	0,000093874000
51,001000000000	0,023167743000	0,114244850000	0,000150060000	0,000094164000
52,000000000000	0,023165433000	0,114240560000	0,000153441000	0,000094673000
53,000000000000	0,023165011000	0,114283420000	0,000156917000	0,000095098000
54,000000000000	0,023161227000	0,114312810000	0,000159848000	0,000095524000
55,000000000000	0,023163655000	0,114274440000	0,000162926000	0,000095877000
56,000000000000	0,023164707000	0,114283220000	0,000165941000	0,000096395000
57,000000000000	0,023165965000	0,114326890000	0,000169280000	0,000096873000
58,000000000000	0,023159070000	0,114384850000	0,000173845000	0,000096945000
59,000000000000	0,023159417000	0,114404030000	0,000176598000	0,000097620000
60,000000000000	0,023156967000	0,114372200000	0,000176923000	0,000098118000
61,000000000000	0,023157248000	0,114376480000	0,000177038000	0,000098398000
62,000000000000	0,023154820000	0,114427910000	0,000177572000	0,000098854000
63,000000000000	0,023152435000	0,114432400000	0,000177237000	0,000099425000
64,000000000000	0,023149801000	0,114434030000	0,000177519000	0,000099633000
65,000000000000	0,023151112000	0,114456890000	0,000177980000	0,000099861000
66,000000000000	0,023143394000	0,114517500000	0,000177823000	0,000100525000
67,000000000000	0,023145865000	0,114547300000	0,000178074000	0,000100982000
68,000000000000	0,023137865000	0,114569950000	0,000178210000	0,000101345000
69,000000000000	0,023137019000	0,114632400000	0,000177436000	0,000101729000
70,000000000000	0,023134981000	0,114600560000	0,000178524000	0,000102320000
71,000000000000	0,023137344000	0,114602200000	0,000178933000	0,000102414000
72,000000000000	0,023144499000	0,114616280000	0,000178168000	0,000102891000
73,000000000000	0,023137724000	0,114618730000	0,000178702000	0,000103213000
74,000000000000	0,023135545000	0,114695660000	0,000178818000	0,000103731000
75,000000000000	0,023135284000	0,114672600000	0,000179016000	0,000103825000
76,000000000000	0,023132726000	0,114689950000	0,000178891000	0,000104613000
77,000000000000	0,023132769000	0,114649950000	0,000179467000	0,000104976000
78,000000000000	0,023127934000	0,114734640000	0,000179090000	0,000105236000
79,000000000000	0,023130113000	0,114751170000	0,000179037000	0,000105630000
80,000000000000	0,023123576000	0,114776890000	0,000179456000	0,000106035000
81,000000000000	0,023116378000	0,114809540000	0,000178995000	0,000106637000
82,000000000000	0,023116757000	0,114825050000	0,000179341000	0,000106917000
83,000000000000	0,023118774000	0,114820770000	0,000179414000	0,000107176000
84,000000000000	0,023117733000	0,114772600000	0,000179582000	0,000107923000
85,000000000000	0,023119446000	0,114790770000	0,000179278000	0,000107975000
86,000000000000	0,023116356000	0,114820560000	0,000179645000	0,000108421000
87,000000000000	0,023117874000	0,114857500000	0,000179498000	0,000108961000
88,000000000000	0,023109797000	0,114898110000	0,000179854000	0,000109293000
89,000000000000	0,023112572000	0,114864640000	0,000179864000	0,000109770000
90,000000000000	0,023113700000	0,114898320000	0,000179802000	0,000110185000
91,001000000000	0,023107976000	0,114959750000	0,000179603000	0,000110580000
92,000000000000	0,023106924000	0,114944030000	0,000180451000	0,000111067000
93,000000000000	0,023104138000	0,114942810000	0,000180503000	0,000111337000
94,000000000000	0,023100973000	0,115003830000	0,000179823000	0,000111939000
95,000000000000	0,023100268000	0,115008520000	0,000179833000	0,000111379000
96,000000000000	0,023100246000	0,114991790000	0,000180712000	0,000111181000
97,000000000000	0,023099878000	0,114973830000	0,000179843000	0,000110310000
98,000000000000	0,023099065000	0,115014030000	0,000180168000	0,000110227000
99,001000000000	0,023095173000	0,115074850000	0,000179980000	0,000109667000
100,000000000000	0,023089199000	0,115090560000	0,000180147000	0,000109283000
101,001000000000	0,023089568000	0,115060970000	0,000179770000	0,000109044000
102,000000000000	0,023089243000	0,115102190000	0,000180199000	0,000108515000
103,000000000000	0,023084147000	0,115168730000	0,000179854000	0,000107903000
104,000000000000	0,023077263000	0,115210560000	0,000179613000	0,000107757000
105,000000000000	0,023079117000	0,115235260000	0,000179477000	0,000107280000
106,000000000000	0,023070195000	0,115293210000	0,000179236000	0,000106917000
107,000000000000	0,023070032000	0,115327300000	0,000179477000	0,000106844000
108,000000000000	0,023066636000	0,115388120000	0,000179184000	0,000106097000
109,000000000000	0,023063622000	0,115415060000	0,000178995000	0,000105796000
110,000000000000	0,023057215000	0,115461180000	0,000179697000	0,000105080000
111,000000000000	0,023053648000	0,115535670000	0,000179404000	0,000104707000
112,000000000000	0,023052738000	0,115571800000	0,000178713000	0,000104240000
113,000000000000	0,023049312000	0,115575060000	0,000178975000	0,000104167000
114,000000000000	0,023045550000	0,115612200000	0,000178713000	0,000103669000
115,000000000000	0,023038048000	0,115679350000	0,000179393000	0,000103202000
116,000000000000	0,023035988000	0,115721180000	0,000178702000	0,000102974000
117,000000000000	0,023034872000	0,115740770000	0,000179006000	0,000102569000
118,000000000000	0,023032725000	0,115755260000	0,000179079000	0,000102102000
119,000000000000	0,023028866000	0,115783430000	0,000178462000	0,000101646000
120,000000000000	0,023026069000	0,115868730000	0,000178671000	0,000101459000
121,000000000000	0,023021591000	0,115892200000	0,000178462000	0,000100940000
122,000000000000	0,023021060000	0,115912610000	0,000178043000	0,000100214000
123,000000000000	0,023020410000	0,115950160000	0,000178671000	0,000099913000
124,000000000000	0,023016464000	0,115955470000	0,000178587000	0,000099840000
125,001000000000	0,023014794000	0,116002820000	0,000178681000	0,000099155000
126,000000000000	0,023012311000	0,116021590000	0,000178210000	0,000098657000
127,000000000000	0,023005677000	0,116056690000	0,000178305000	0,000098439000
128,000000000000	0,023007129000	0,116088120000	0,000177928000	0,000098066000
129,000000000000	0,023001806000	0,116110980000	0,000178388000	0,000097620000
130,000000000000	0,023001362000	0,116094240000	0,000178325000	0,000097194000
131,000000000000	0,022998652000	0,116120160000	0,000178085000	0,000096987000
132,000000000000	0,022998901000	0,116150160000	0,000177666000	0,000096582000
133,000000000000	0,022995605000	0,116205470000	0,000178043000	0,000095877000
134,000000000000	0,022989025000	0,116228940000	0,000177404000	0,000095544000
135,000000000000	0,022989762000	0,116265470000	0,000177886000	0,000095140000
136,000000000000	0,022985046000	0,116283220000	0,000177331000	0,000094766000
137,000000000000	0,022986857000	0,116295470000	0,000177111000	0,000094496000
138,000000000000	0,022985751000	0,116290370000	0,000176431000	0,000094227000
139,000000000000	0,022979474000	0,116281390000	0,000175279000	0,000093417000
140,000000000000	0,022980905000	0,116337920000	0,000175091000	0,000093127000
141,000000000000	0,022978813000	0,116355060000	0,000173635000	0,000092733000
142,000000000000	0,022978661000	0,116402410000	0,000173834000	0,000092411000
143,000000000000	0,022972655000	0,116445470000	0,000173175000	0,000092027000
144,000000000000	0,022970530000	0,116468730000	0,000171468000	0,000091643000
145,000000000000	0,022973023000	0,116466900000	0,000159377000	0,000091259000
146,000000000000	0,022973392000	0,116450980000	0,000152656000	0,000090865000
147,000000000000	0,022971961000	0,116471180000	0,000152876000	0,000090367000
148,000000000000	0,022969121000	0,116557300000	0,000152384000	0,000090076000
149,000000000000	0,022964557000	0,116631790000	0,000144574000	0,000089651000
150,000000000000	0,022960936000	0,116614650000	0,000142847000	0,000089329000
151,000000000000	0,022963212000	0,116612000000	0,000135644000	0,000088790000
152,000000000000	0,022957521000	0,116638730000	0,000133624000	0,000088354000
153,000000000000	0,022958171000	0,116683630000	0,000133540000	0,000087918000
154,000000000000	0,022954778000	0,116741390000	0,000118779000	0,000087607000
155,000000000000	0,022953607000	0,116709960000	0,000112205000	0,000086662000
156,000000000000	0,022959277000	0,116730370000	0,000093319000	0,000086611000
157,000000000000	0,022955331000	0,116761390000	0,000093633000	0,000086351000
158,001000000000	0,022950593000	0,116759750000	0,000093486000	0,000086112000
159,001000000000	0,022950290000	0,116821390000	0,000093308000	0,000085646000
160,000000000000	0,022946972000	0,116866280000	0,000081049000	0,000085023000
161,001000000000	0,022943492000	0,116880980000	0,000080767000	0,000084535000
162,000000000000	0,022943254000	0,116896900000	0,000080683000	0,000084172000
163,000000000000	0,022946701000	0,116875260000	0,000081070000	0,000083923000
164,000000000000	0,022940327000	0,116904850000	0,000081636000	0,000083456000
165,000000000000	0,022936760000	0,116943830000	0,000080578000	0,000083010000
166,000000000000	0,022931741000	0,116996080000	0,000080725000	0,000082595000
167,000000000000	0,022933259000	0,116967710000	0,000080641000	0,000082367000
168,000000000000	0,022931199000	0,117044850000	0,000080400000	0,000081817000
169,000000000000	0,022925279000	0,117100980000	0,000080882000	0,000081308000
170,000000000000	0,022924521000	0,117091790000	0,000080851000	0,000081173000
171,000000000000	0,022925973000	0,117048120000	0,000081060000	0,000080675000
172,000000000000	0,022931600000	0,117060160000	0,000081416000	0,000080312000
173,000000000000	0,022923057000	0,117098730000	0,000080212000	0,000080011000
174,000000000000	0,022920336000	0,117171180000	0,000080432000	0,000079389000
175,000000000000	0,022913972000	0,117195260000	0,000079971000	0,000080022000
176,000000000000	0,022914840000	0,117239960000	0,000080327000	0,000080136000
177,000000000000	0,022916173000	0,117196900000	0,000080966000	0,000080717000
178,000000000000	0,022911013000	0,117180360000	0,000080526000	0,000081381000
179,000000000000	0,022917116000	0,117182000000	0,000080913000	0,000081630000
180,000000000000	0,022915869000	0,117199550000	0,000080222000	0,000081931000
