#Sample	Not specified
RF-Frequency	Timestamp	Photon Counter1 CH A	Photon Counter1 CH B	Photon Counter1 Ratio
Hz	s since 1904-01-01 12amUTC	counts	counts	a.u.
2820000000.00	3840941769.98	1719341.00000	1724345.00000	0.997098028527
2821000000.00	3840941771.28	1725602.00000	1728901.00000	0.998091851413
2822000000.00	3840941772.56	1711991.00000	1716749.00000	0.997228482440
2823000000.00	3840941773.84	1720466.00000	1721763.00000	0.999246702363
2824000000.00	3840941775.13	1722495.00000	1725555.00000	0.998226657510
2825000000.00	3840941776.41	1719251.00000	1719928.00000	0.999606378872
2826000000.00	3840941777.69	1715462.00000	1716467.00000	0.999414495006
2827000000.00	3840941778.97	1723446.00000	1727203.00000	0.997824806928
2828000000.00	3840941780.24	1727445.00000	1729126.00000	0.999027832558
2829000000.00	3840941781.52	1728514.00000	1732475.00000	0.997713675522
2830000000.00	3840941782.81	1733234.00000	1736983.00000	0.997841659936
2831000000.00	3840941784.09	1725643.00000	1729247.00000	0.997915855861
2832000000.00	3840941785.37	1723473.00000	1726290.00000	0.998368176842
2833000000.00	3840941786.65	1730577.00000	1731031.00000	0.999737728556
2834000000.00	3840941787.94	1733867.00000	1737185.00000	0.998090013441
2835000000.00	3840941789.23	1726868.00000	1731811.00000	0.997145762442
2836000000.00	3840941790.51	1721876.00000	1722387.00000	0.999703318708
2837000000.00	3840941791.79	1729246.00000	1731074.00000	0.998944008171
2838000000.00	3840941793.07	1726719.00000	1727146.00000	0.999752771335
2839000000.00	3840941794.35	1725329.00000	1730745.00000	0.996870711746
2840000000.00	3840941795.62	1728082.00000	1734396.00000	0.996359539575
2841000000.00	3840941796.91	1731922.00000	1736760.00000	0.997214353163
2842000000.00	3840941798.20	1725486.00000	1728472.00000	0.998272462614
2843000000.00	3840941799.48	1724190.00000	1730896.00000	0.996125705993
2844000000.00	3840941800.77	1727298.00000	1734828.00000	0.995659512067
2845000000.00	3840941802.05	1730167.00000	1736439.00000	0.996388010175
2846000000.00	3840941803.33	1722213.00000	1731621.00000	0.994566940456
2847000000.00	3840941804.61	1734702.00000	1745146.00000	0.994015400431
2848000000.00	3840941805.89	1736989.00000	1747208.00000	0.994151240150
2849000000.00	3840941807.17	1734950.00000	1742011.00000	0.995946638684
2850000000.00	3840941808.46	1725806.00000	1738219.00000	0.992858782466
2851000000.00	3840941809.73	1729207.00000	1744141.00000	0.991437618862
2852000000.00	3840941811.01	1718274.00000	1735969.00000	0.989806845629
2853000000.00	3840941812.30	1715826.00000	1736125.00000	0.988307869537
2854000000.00	3840941813.58	1712741.00000	1732768.00000	0.988442191915
2855000000.00	3840941814.86	1709162.00000	1734064.00000	0.985639515035
2856000000.00	3840941816.16	1708576.00000	1736407.00000	0.983972075671
2857000000.00	3840941817.44	1698158.00000	1734306.00000	0.979157080700
2858000000.00	3840941818.72	1698623.00000	1735549.00000	0.978723735256
2859000000.00	3840941820.00	1697610.00000	1741428.00000	0.974837891661
2860000000.00	3840941821.28	1693779.00000	1740664.00000	0.973064876392
2861000000.00	3840941822.56	1682447.00000	1735847.00000	0.969236920074
2862000000.00	3840941823.85	1675057.00000	1725735.00000	0.970633961761
2863000000.00	3840941825.13	1675569.00000	1730974.00000	0.967992009123
2864000000.00	3840941826.41	1674673.00000	1736060.00000	0.964640047003
2865000000.00	3840941827.69	1676641.00000	1737163.00000	0.965160436873
2866000000.00	3840941828.97	1678141.00000	1737179.00000	0.966015016299
2867000000.00	3840941830.27	1683526.00000	1736325.00000	0.969591522324
2868000000.00	3840941831.55	1688930.00000	1733619.00000	0.974222133006
2869000000.00	3840941832.84	1693377.00000	1734626.00000	0.976220234218
2870000000.00	3840941834.11	1692620.00000	1735705.00000	0.975177233458
2871000000.00	3840941835.39	1689243.00000	1729502.00000	0.976722200957
2872000000.00	3840941836.67	1687915.00000	1736692.00000	0.971913845403
2873000000.00	3840941837.95	1678807.00000	1734658.00000	0.967802875264
2874000000.00	3840941839.24	1675335.00000	1735350.00000	0.965416198461
2875000000.00	3840941840.52	1680368.00000	1739523.00000	0.965993551106
2876000000.00	3840941841.80	1681380.00000	1734922.00000	0.969138670211
2877000000.00	3840941843.08	1683102.00000	1736428.00000	0.969289829466
2878000000.00	3840941844.36	1693780.00000	1742190.00000	0.972213134044
2879000000.00	3840941845.64	1696488.00000	1741176.00000	0.974334587658
2880000000.00	3840941846.92	1697857.00000	1740137.00000	0.975703062460
2881000000.00	3840941848.20	1702575.00000	1739789.00000	0.978610049839
2882000000.00	3840941849.48	1712209.00000	1744868.00000	0.981282824833
2883000000.00	3840941850.76	1710982.00000	1738792.00000	0.984006137594
2884000000.00	3840941852.05	1724199.00000	1745426.00000	0.987838499025
2885000000.00	3840941853.34	1725735.00000	1741553.00000	0.990917301971
2886000000.00	3840941854.63	1724937.00000	1739496.00000	0.991630334304
2887000000.00	3840941855.91	1731102.00000	1744990.00000	0.992041215136
2888000000.00	3840941857.19	1732931.00000	1744397.00000	0.993426954988
2889000000.00	3840941858.47	1737366.00000	1743474.00000	0.996496649792
2890000000.00	3840941859.77	1736271.00000	1745445.00000	0.994744033756
2891000000.00	3840941861.05	1742397.00000	1750509.00000	0.995365919284
2892000000.00	3840941862.33	1741446.00000	1751711.00000	0.994140015105
2893000000.00	3840941863.61	1740093.00000	1747339.00000	0.995853122949
2894000000.00	3840941864.89	1746627.00000	1754218.00000	0.995672715706
2895000000.00	3840941866.17	1745846.00000	1748109.00000	0.998705458298
2896000000.00	3840941867.46	1747465.00000	1752783.00000	0.996965967835
2897000000.00	3840941868.74	1755516.00000	1757122.00000	0.999086005411
2898000000.00	3840941870.03	1744650.00000	1749407.00000	0.997280792863
2899000000.00	3840941871.31	1748248.00000	1748839.00000	0.999662061516
2900000000.00	3840941872.60	1750763.00000	1755760.00000	0.997153939035
2901000000.00	3840941873.88	1752909.00000	1754117.00000	0.999311334421
2902000000.00	3840941875.16	1749890.00000	1751062.00000	0.999330691889
2903000000.00	3840941876.45	1750139.00000	1754913.00000	0.997279637224
2904000000.00	3840941877.74	1758708.00000	1760072.00000	0.999225031703
2905000000.00	3840941879.01	1755076.00000	1753660.00000	1.00080745412
2906000000.00	3840941880.29	1754829.00000	1758487.00000	0.997919802649
2907000000.00	3840941881.57	1749151.00000	1749016.00000	1.00007718626
2908000000.00	3840941882.85	1753616.00000	1756361.00000	0.998437109455
2909000000.00	3840941884.13	1752460.00000	1753218.00000	0.999567652169
2910000000.00	3840941885.42	1751565.00000	1756247.00000	0.997334087973
2911000000.00	3840941886.70	1757897.00000	1755129.00000	1.00157709205
2912000000.00	3840941887.99	1750884.00000	1752991.00000	0.998798054297
2913000000.00	3840941889.27	1753829.00000	1755435.00000	0.999085127048
2914000000.00	3840941890.56	1749751.00000	1749313.00000	1.00025038401
2915000000.00	3840941891.85	1754532.00000	1754001.00000	1.00030273643
2916000000.00	3840941893.14	1755300.00000	1757325.00000	0.998847680423
2917000000.00	3840941894.42	1749806.00000	1748512.00000	1.00074005783
2918000000.00	3840941895.71	1755368.00000	1757519.00000	0.998776115649
2919000000.00	3840941896.99	1753283.00000	1755812.00000	0.998559640782
2920000000.00	3840941898.27	1749182.00000	1752706.00000	0.997989394685
