#Sample	Not specified
RF-Frequency	Timestamp	Photon Counter1 CH A	Photon Counter1 CH B	Photon Counter1 Ratio
Hz	s since 1904-01-01 12amUTC	counts	counts	a.u.
2750000000.00	3840963293.79	1514501.00000	1515919.00000	0.999064593821
2751000000.00	3840963295.08	1503923.00000	1505980.00000	0.998634112007
2752000000.00	3840963296.36	1482865.00000	1481750.00000	1.00075248861
2753000000.00	3840963297.65	1508757.00000	1509224.00000	0.999690569458
2754000000.00	3840963298.93	1510955.00000	1509024.00000	1.00127963505
2755000000.00	3840963300.21	1510332.00000	1510893.00000	0.999628696407
2756000000.00	3840963301.49	1520118.00000	1520898.00000	0.999487145095
2757000000.00	3840963302.77	1509212.00000	1511314.00000	0.998609157329
2758000000.00	3840963304.05	1518790.00000	1516909.00000	1.00124002165
2759000000.00	3840963305.34	1514705.00000	1512719.00000	1.00131286776
2760000000.00	3840963306.63	1504760.00000	1504140.00000	1.00041219567
2761000000.00	3840963307.91	1506165.00000	1508423.00000	0.998503072414
2762000000.00	3840963309.19	1516409.00000	1516871.00000	0.999695425649
2763000000.00	3840963310.48	1509433.00000	1513107.00000	0.997571883548
2764000000.00	3840963311.76	1518591.00000	1516539.00000	1.00135308093
2765000000.00	3840963313.04	1523368.00000	1523083.00000	1.00018712047
2766000000.00	3840963314.32	1508908.00000	1512659.00000	0.997520260680
2767000000.00	3840963315.61	1506592.00000	1506549.00000	1.00002854205
2768000000.00	3840963316.89	1498365.00000	1497558.00000	1.00053887729
2769000000.00	3840963318.17	1517113.00000	1518935.00000	0.998800475333
2770000000.00	3840963319.45	1506161.00000	1504369.00000	1.00119119711
2771000000.00	3840963320.73	1501761.00000	1498581.00000	1.00212200742
2772000000.00	3840963322.01	1511819.00000	1512276.00000	0.999697806485
2773000000.00	3840963323.29	1507562.00000	1507791.00000	0.999848122187
2774000000.00	3840963324.57	1513759.00000	1513523.00000	1.00015592759
2775000000.00	3840963325.85	1513774.00000	1515163.00000	0.999083266949
2776000000.00	3840963327.14	1519016.00000	1516211.00000	1.00185000636
2777000000.00	3840963328.42	1516101.00000	1513631.00000	1.00163183761
2778000000.00	3840963329.70	1516797.00000	1515289.00000	1.00099518970
2779000000.00	3840963330.98	1515739.00000	1513580.00000	1.00142641948
2780000000.00	3840963332.26	1517545.00000	1517364.00000	1.00011928581
2781000000.00	3840963333.54	1510783.00000	1510930.00000	0.999902708928
2782000000.00	3840963334.83	1514695.00000	1513465.00000	1.00081270462
2783000000.00	3840963336.11	1513759.00000	1516792.00000	0.998000385023
2784000000.00	3840963337.39	1516361.00000	1516029.00000	1.00021899317
2785000000.00	3840963338.67	1511562.00000	1509499.00000	1.00136667861
2786000000.00	3840963339.95	1496716.00000	1498065.00000	0.999099505028
2787000000.00	3840963341.23	1505670.00000	1506373.00000	0.999533316118
2788000000.00	3840963342.51	1508113.00000	1510820.00000	0.998208257767
2789000000.00	3840963343.79	1512996.00000	1513646.00000	0.999570573304
2790000000.00	3840963345.07	1501773.00000	1503282.00000	0.998996196322
2791000000.00	3840963346.35	1504752.00000	1502638.00000	1.00140685914
2792000000.00	3840963347.63	1494369.00000	1497676.00000	0.997791912269
2793000000.00	3840963348.91	1498116.00000	1500579.00000	0.998358633567
2794000000.00	3840963350.19	1501350.00000	1502828.00000	0.999016520853
2795000000.00	3840963351.47	1509611.00000	1510067.00000	0.999698026644
2796000000.00	3840963352.75	1504155.00000	1507261.00000	0.997939308454
2797000000.00	3840963354.03	1510473.00000	1511701.00000	0.999187670049
2798000000.00	3840963355.31	1490446.00000	1492207.00000	0.998819868825
2799000000.00	3840963356.60	1479743.00000	1479762.00000	0.999987160097
2800000000.00	3840963357.88	1497288.00000	1498457.00000	0.999219864167
2801000000.00	3840963359.15	1493697.00000	1496289.00000	0.998267714325
2802000000.00	3840963360.42	1494118.00000	1496355.00000	0.998505033899
2803000000.00	3840963361.70	1510018.00000	1512403.00000	0.998423039362
2804000000.00	3840963362.98	1498584.00000	1498703.00000	0.999920598010
2805000000.00	3840963364.26	1485067.00000	1485680.00000	0.999587394324
2806000000.00	3840963365.54	1491053.00000	1492358.00000	0.999125544943
2807000000.00	3840963366.82	1478208.00000	1480221.00000	0.998640067936
2808000000.00	3840963368.12	1490073.00000	1490004.00000	1.00004630860
2809000000.00	3840963369.40	1499468.00000	1502009.00000	0.998308265796
2810000000.00	3840963370.68	1488574.00000	1491253.00000	0.998203524150
2811000000.00	3840963371.96	1501188.00000	1501998.00000	0.999460718323
2812000000.00	3840963373.24	1495969.00000	1499014.00000	0.997968664736
2813000000.00	3840963374.51	1501399.00000	1502175.00000	0.999483415714
2814000000.00	3840963375.78	1510267.00000	1509186.00000	1.00071628017
2815000000.00	3840963377.06	1493921.00000	1493949.00000	0.999981257727
2816000000.00	3840963378.34	1492332.00000	1493922.00000	0.998935687405
2817000000.00	3840963379.62	1494427.00000	1497108.00000	0.998209214031
2818000000.00	3840963380.90	1483607.00000	1484599.00000	0.999331806097
2819000000.00	3840963382.19	1497174.00000	1503786.00000	0.995603097781
2820000000.00	3840963383.47	1503504.00000	1506631.00000	0.997924508390
2821000000.00	3840963384.75	1500067.00000	1503728.00000	0.997565384165
2822000000.00	3840963386.03	1503222.00000	1504919.00000	0.998872364559
2823000000.00	3840963387.30	1496108.00000	1500535.00000	0.997049718934
2824000000.00	3840963388.60	1497054.00000	1500864.00000	0.997461462198
2825000000.00	3840963389.88	1498161.00000	1502550.00000	0.997078965758
2826000000.00	3840963391.16	1487472.00000	1491042.00000	0.997605701248
2827000000.00	3840963392.44	1495973.00000	1503253.00000	0.995157169152
2828000000.00	3840963393.72	1499761.00000	1504145.00000	0.997085387380
2829000000.00	3840963395.01	1488451.00000	1490215.00000	0.998816278188
2830000000.00	3840963396.29	1500305.00000	1503872.00000	0.997628122606
2831000000.00	3840963397.57	1501380.00000	1507986.00000	0.995619322726
2832000000.00	3840963398.85	1498712.00000	1502852.00000	0.997245237721
2833000000.00	3840963400.13	1487209.00000	1492591.00000	0.996394189701
2834000000.00	3840963401.41	1495246.00000	1500373.00000	0.996582849731
2835000000.00	3840963402.69	1492421.00000	1500500.00000	0.994615794735
2836000000.00	3840963403.97	1496076.00000	1503103.00000	0.995325004341
2837000000.00	3840963405.26	1486378.00000	1494895.00000	0.994302609882
2838000000.00	3840963406.55	1503245.00000	1509380.00000	0.995935417191
2839000000.00	3840963407.84	1501057.00000	1513090.00000	0.992047399692
2840000000.00	3840963409.12	1486189.00000	1499439.00000	0.991163361764
2841000000.00	3840963410.40	1492923.00000	1506655.00000	0.990885770133
2842000000.00	3840963411.68	1483480.00000	1499146.00000	0.989550050495
2843000000.00	3840963412.96	1490167.00000	1506656.00000	0.989055895971
2844000000.00	3840963414.25	1490638.00000	1512266.00000	0.985698283239
2845000000.00	3840963415.54	1481151.00000	1501596.00000	0.986384486906
2846000000.00	3840963416.83	1479675.00000	1503290.00000	0.984291121474
2847000000.00	3840963418.11	1484051.00000	1506901.00000	0.984836429201
2848000000.00	3840963419.41	1475638.00000	1499110.00000	0.984342710008
2849000000.00	3840963420.70	1481807.00000	1504176.00000	0.985128734935
2850000000.00	3840963421.99	1479788.00000	1503348.00000	0.984328312540
2851000000.00	3840963423.27	1485010.00000	1509506.00000	0.983772174473
2852000000.00	3840963424.56	1481099.00000	1506266.00000	0.983291795739
2853000000.00	3840963425.84	1475137.00000	1503288.00000	0.981273714684
2854000000.00	3840963427.12	1467978.00000	1497532.00000	0.980264862454
2855000000.00	3840963428.40	1464067.00000	1495546.00000	0.978951499987
2856000000.00	3840963429.68	1462829.00000	1495861.00000	0.977917734335
2857000000.00	3840963430.97	1454995.00000	1489560.00000	0.976795160987
2858000000.00	3840963432.25	1466173.00000	1501895.00000	0.976215381235
2859000000.00	3840963433.54	1467145.00000	1503131.00000	0.976059305543
2860000000.00	3840963434.82	1472394.00000	1507649.00000	0.976615909937
2861000000.00	3840963436.10	1457738.00000	1489996.00000	0.978350277450
2862000000.00	3840963437.38	1468169.00000	1501641.00000	0.977709718901
2863000000.00	3840963438.65	1473238.00000	1498010.00000	0.983463394770
2864000000.00	3840963439.93	1471418.00000	1495026.00000	0.984208970279
2865000000.00	3840963441.21	1490502.00000	1506643.00000	0.989286778620
2866000000.00	3840963442.50	1481422.00000	1497852.00000	0.989030959000
2867000000.00	3840963443.78	1497789.00000	1507403.00000	0.993622143514
2868000000.00	3840963445.06	1492591.00000	1503592.00000	0.992683520530
2869000000.00	3840963446.34	1496537.00000	1506910.00000	0.993116377222
2870000000.00	3840963447.62	1494155.00000	1503187.00000	0.993991432869
2871000000.00	3840963448.90	1489467.00000	1497260.00000	0.994795159157
2872000000.00	3840963450.18	1480761.00000	1492232.00000	0.992312857518
2873000000.00	3840963451.46	1481483.00000	1497677.00000	0.989187254662
2874000000.00	3840963452.74	1487192.00000	1501408.00000	0.990531554381
2875000000.00	3840963454.01	1477938.00000	1499525.00000	0.985604107968
2876000000.00	3840963455.29	1481100.00000	1506943.00000	0.982850711673
2877000000.00	3840963456.57	1470054.00000	1498436.00000	0.981058917431
2878000000.00	3840963457.85	1454360.00000	1487252.00000	0.977884043861
2879000000.00	3840963459.13	1462699.00000	1498372.00000	0.976192160558
2880000000.00	3840963460.41	1463008.00000	1499667.00000	0.975555239930
2881000000.00	3840963461.70	1468883.00000	1504201.00000	0.976520425129
2882000000.00	3840963462.98	1464961.00000	1499319.00000	0.977084262922
2883000000.00	3840963464.26	1460890.00000	1495615.00000	0.976782126416
2884000000.00	3840963465.55	1457504.00000	1489580.00000	0.978466413351
2885000000.00	3840963466.83	1468851.00000	1497613.00000	0.980794771413
2886000000.00	3840963468.11	1465618.00000	1492900.00000	0.981725500703
2887000000.00	3840963469.40	1465033.00000	1490777.00000	0.982731152949
2888000000.00	3840963470.68	1473040.00000	1498800.00000	0.982812917000
2889000000.00	3840963471.96	1475188.00000	1497061.00000	0.985389372911
2890000000.00	3840963473.24	1480918.00000	1504016.00000	0.984642450612
2891000000.00	3840963474.52	1476662.00000	1497586.00000	0.986028181353
2892000000.00	3840963475.80	1477401.00000	1499247.00000	0.985428685200
2893000000.00	3840963477.10	1475558.00000	1495976.00000	0.986351385316
2894000000.00	3840963478.38	1469012.00000	1488613.00000	0.986832709374
2895000000.00	3840963479.65	1476989.00000	1493698.00000	0.988813669162
2896000000.00	3840963480.93	1477465.00000	1497139.00000	0.986858935610
2897000000.00	3840963482.20	1485929.00000	1500150.00000	0.990520281305
2898000000.00	3840963483.48	1483760.00000	1494285.00000	0.992956497589
2899000000.00	3840963484.76	1487237.00000	1496875.00000	0.993561252610
2900000000.00	3840963486.05	1488867.00000	1501242.00000	0.991756825349
2901000000.00	3840963487.33	1485322.00000	1494309.00000	0.993985848978
2902000000.00	3840963488.61	1497684.00000	1506970.00000	0.993837966250
2903000000.00	3840963489.90	1489512.00000	1495795.00000	0.995799558095
2904000000.00	3840963491.17	1498399.00000	1505767.00000	0.995106812674
2905000000.00	3840963492.45	1503143.00000	1505576.00000	0.998384007184
2906000000.00	3840963493.73	1503152.00000	1507424.00000	0.997166026281
2907000000.00	3840963495.01	1503943.00000	1506119.00000	0.998555227044
2908000000.00	3840963496.30	1493569.00000	1498583.00000	0.996654172642
2909000000.00	3840963497.58	1492444.00000	1496394.00000	0.997360320878
2910000000.00	3840963498.86	1493942.00000	1496954.00000	0.997987914124
2911000000.00	3840963500.14	1504922.00000	1505856.00000	0.999379754771
2912000000.00	3840963501.42	1498412.00000	1498367.00000	1.00003003270
2913000000.00	3840963502.70	1504365.00000	1505037.00000	0.999553499349
2914000000.00	3840963503.98	1501883.00000	1504965.00000	0.997952111843
2915000000.00	3840963505.25	1501733.00000	1503955.00000	0.998522562178
2916000000.00	3840963506.52	1496206.00000	1499451.00000	0.997835874597
2917000000.00	3840963507.80	1493332.00000	1494665.00000	0.999108161361
2918000000.00	3840963509.09	1504218.00000	1507021.00000	0.998140039190
2919000000.00	3840963510.37	1495679.00000	1498851.00000	0.997883712257
2920000000.00	3840963511.65	1505484.00000	1506462.00000	0.999350796768
2921000000.00	3840963512.93	1496125.00000	1496927.00000	0.999464235731
2922000000.00	3840963514.22	1495410.00000	1498016.00000	0.998260365710
2923000000.00	3840963515.51	1507657.00000	1508948.00000	0.999144437052
2924000000.00	3840963516.79	1499879.00000	1501537.00000	0.998895798106
2925000000.00	3840963518.07	1498289.00000	1501926.00000	0.997578442613
2926000000.00	3840963519.34	1501706.00000	1503608.00000	0.998735042644
2927000000.00	3840963520.64	1499549.00000	1498913.00000	1.00042430748
2928000000.00	3840963521.92	1495310.00000	1496058.00000	0.999500019384
2929000000.00	3840963523.21	1501882.00000	1505346.00000	0.997698867901
2930000000.00	3840963524.50	1491967.00000	1494626.00000	0.998220959625
2931000000.00	3840963525.78	1483507.00000	1486793.00000	0.997789873910
2932000000.00	3840963527.06	1499527.00000	1500307.00000	0.999480106405
2933000000.00	3840963528.35	1501021.00000	1503814.00000	0.998142722438
2934000000.00	3840963529.64	1502856.00000	1501409.00000	1.00096376137
2935000000.00	3840963530.93	1502538.00000	1504123.00000	0.998946229796
2936000000.00	3840963532.22	1496244.00000	1498877.00000	0.998243351523
2937000000.00	3840963533.50	1507198.00000	1508283.00000	0.999280638978
2938000000.00	3840963534.78	1508863.00000	1507785.00000	1.00071495604
2939000000.00	3840963536.06	1500838.00000	1503940.00000	0.997937417716
2940000000.00	3840963537.34	1504237.00000	1505094.00000	0.999430600348
2941000000.00	3840963538.62	1503819.00000	1502996.00000	1.00054757298
2942000000.00	3840963539.91	1503130.00000	1501056.00000	1.00138169395
2943000000.00	3840963541.19	1504923.00000	1503362.00000	1.00103833940
2944000000.00	3840963542.46	1504827.00000	1507073.00000	0.998509693956
2945000000.00	3840963543.74	1512354.00000	1512892.00000	0.999644389685
2946000000.00	3840963545.02	1501148.00000	1501476.00000	0.999781548290
2947000000.00	3840963546.30	1506022.00000	1510386.00000	0.997110672371
2948000000.00	3840963547.59	1506968.00000	1506787.00000	1.00012012315
2949000000.00	3840963548.87	1506765.00000	1507811.00000	0.999306279103
2950000000.00	3840963550.15	1499342.00000	1502103.00000	0.998161910335
2951000000.00	3840963551.43	1499905.00000	1503547.00000	0.997577727866
2952000000.00	3840963552.71	1512365.00000	1511015.00000	1.00089343918
2953000000.00	3840963554.00	1503039.00000	1504462.00000	0.999054146931
2954000000.00	3840963555.28	1505269.00000	1508082.00000	0.998134716812
2955000000.00	3840963556.58	1508829.00000	1508977.00000	0.999901920308
2956000000.00	3840963557.87	1508379.00000	1508128.00000	1.00016643150
2957000000.00	3840963559.16	1499027.00000	1500619.00000	0.998939104463
2958000000.00	3840963560.44	1502157.00000	1501590.00000	1.00037759974
2959000000.00	3840963561.72	1490407.00000	1492589.00000	0.998538110625
2960000000.00	3840963563.00	1495976.00000	1497695.00000	0.998852236270
2961000000.00	3840963564.28	1504530.00000	1504214.00000	1.00021007649
2962000000.00	3840963565.56	1500928.00000	1501417.00000	0.999674307671
2963000000.00	3840963566.84	1502864.00000	1500282.00000	1.00172100978
2964000000.00	3840963568.12	1510999.00000	1514181.00000	0.997898533927
2965000000.00	3840963569.40	1508213.00000	1508767.00000	0.999632812754
2966000000.00	3840963570.69	1500988.00000	1504221.00000	0.997850714755
2967000000.00	3840963571.97	1505447.00000	1503019.00000	1.00161541537
2968000000.00	3840963573.25	1501543.00000	1503921.00000	0.998418799924
2969000000.00	3840963574.54	1505303.00000	1508438.00000	0.997921691180
2970000000.00	3840963575.82	1507862.00000	1505311.00000	1.00169466642
2971000000.00	3840963577.10	1497076.00000	1496873.00000	1.00013561605
2972000000.00	3840963578.38	1504920.00000	1507133.00000	0.998531649164
2973000000.00	3840963579.66	1501675.00000	1501586.00000	1.00005927066
2974000000.00	3840963580.94	1504675.00000	1504231.00000	1.00029516743
2975000000.00	3840963582.23	1501210.00000	1503706.00000	0.998340101057
2976000000.00	3840963583.51	1499353.00000	1501239.00000	0.998743704367
2977000000.00	3840963584.79	1501124.00000	1499206.00000	1.00127934387
2978000000.00	3840963586.07	1503380.00000	1503788.00000	0.999728685160
2979000000.00	3840963587.35	1507522.00000	1507231.00000	1.00019306928
2980000000.00	3840963588.63	1510448.00000	1511789.00000	0.999112971453
2981000000.00	3840963589.91	1508324.00000	1507166.00000	1.00076832943
2982000000.00	3840963591.19	1503115.00000	1504376.00000	0.999161778704
2983000000.00	3840963592.47	1503325.00000	1502339.00000	1.00065630993
2984000000.00	3840963593.76	1496363.00000	1494179.00000	1.00146167226
2985000000.00	3840963595.04	1504194.00000	1503387.00000	1.00053678793
2986000000.00	3840963596.32	1489558.00000	1490921.00000	0.999085799985
2987000000.00	3840963597.60	1507561.00000	1507764.00000	0.999865363545
2988000000.00	3840963598.90	1504105.00000	1506375.00000	0.998493071114
2989000000.00	3840963600.18	1507556.00000	1507344.00000	1.00014064474
2990000000.00	3840963601.46	1495707.00000	1493111.00000	1.00173865171
2991000000.00	3840963602.75	1478610.00000	1479046.00000	0.999705215389
2992000000.00	3840963604.05	1469446.00000	1472256.00000	0.998091364545
2993000000.00	3840963605.35	1472017.00000	1472577.00000	0.999619714283
2994000000.00	3840963606.63	1467595.00000	1467506.00000	1.00006064711
2995000000.00	3840963607.91	1466216.00000	1466488.00000	0.999814522860
2996000000.00	3840963609.19	1465659.00000	1464852.00000	1.00055090890
2997000000.00	3840963610.47	1459396.00000	1456758.00000	1.00181087044
2998000000.00	3840963611.76	1462209.00000	1466633.00000	0.996983567123
2999000000.00	3840963613.04	1466130.00000	1465823.00000	1.00020943866
3000000000.00	3840963614.34	1462769.00000	1464596.00000	0.998752557019
